</home/anonymous/eqlog-steensgaard-analysis-benchmark/benchmarks/coreutils-8.24/df.bc>:main:24	</home/anonymous/eqlog-steensgaard-analysis-benchmark/benchmarks/coreutils-8.24/df.bc>:main:%0
</home/anonymous/eqlog-steensgaard-analysis-benchmark/benchmarks/coreutils-8.24/df.bc>:main:228	</home/anonymous/eqlog-steensgaard-analysis-benchmark/benchmarks/coreutils-8.24/df.bc>:main:%41
</home/anonymous/eqlog-steensgaard-analysis-benchmark/benchmarks/coreutils-8.24/df.bc>:main:231	</home/anonymous/eqlog-steensgaard-analysis-benchmark/benchmarks/coreutils-8.24/df.bc>:main:%43
</home/anonymous/eqlog-steensgaard-analysis-benchmark/benchmarks/coreutils-8.24/df.bc>:main:238	</home/anonymous/eqlog-steensgaard-analysis-benchmark/benchmarks/coreutils-8.24/df.bc>:main:%45
</home/anonymous/eqlog-steensgaard-analysis-benchmark/benchmarks/coreutils-8.24/df.bc>:main:246	</home/anonymous/eqlog-steensgaard-analysis-benchmark/benchmarks/coreutils-8.24/df.bc>:main:%47
</home/anonymous/eqlog-steensgaard-analysis-benchmark/benchmarks/coreutils-8.24/df.bc>:main:252	</home/anonymous/eqlog-steensgaard-analysis-benchmark/benchmarks/coreutils-8.24/df.bc>:main:%49
</home/anonymous/eqlog-steensgaard-analysis-benchmark/benchmarks/coreutils-8.24/df.bc>:main:284	</home/anonymous/eqlog-steensgaard-analysis-benchmark/benchmarks/coreutils-8.24/df.bc>:main:%61
</home/anonymous/eqlog-steensgaard-analysis-benchmark/benchmarks/coreutils-8.24/df.bc>:main:297	</home/anonymous/eqlog-steensgaard-analysis-benchmark/benchmarks/coreutils-8.24/df.bc>:main:%67
</home/anonymous/eqlog-steensgaard-analysis-benchmark/benchmarks/coreutils-8.24/df.bc>:main:304	</home/anonymous/eqlog-steensgaard-analysis-benchmark/benchmarks/coreutils-8.24/df.bc>:main:%69
</home/anonymous/eqlog-steensgaard-analysis-benchmark/benchmarks/coreutils-8.24/df.bc>:main:311	</home/anonymous/eqlog-steensgaard-analysis-benchmark/benchmarks/coreutils-8.24/df.bc>:main:%73
</home/anonymous/eqlog-steensgaard-analysis-benchmark/benchmarks/coreutils-8.24/df.bc>:main:320	</home/anonymous/eqlog-steensgaard-analysis-benchmark/benchmarks/coreutils-8.24/df.bc>:main:%76
</home/anonymous/eqlog-steensgaard-analysis-benchmark/benchmarks/coreutils-8.24/df.bc>:main:328	</home/anonymous/eqlog-steensgaard-analysis-benchmark/benchmarks/coreutils-8.24/df.bc>:main:%79
</home/anonymous/eqlog-steensgaard-analysis-benchmark/benchmarks/coreutils-8.24/df.bc>:main:423	</home/anonymous/eqlog-steensgaard-analysis-benchmark/benchmarks/coreutils-8.24/df.bc>:main:%107
</home/anonymous/eqlog-steensgaard-analysis-benchmark/benchmarks/coreutils-8.24/df.bc>:main:430	</home/anonymous/eqlog-steensgaard-analysis-benchmark/benchmarks/coreutils-8.24/df.bc>:main:%110
</home/anonymous/eqlog-steensgaard-analysis-benchmark/benchmarks/coreutils-8.24/df.bc>:main:437	</home/anonymous/eqlog-steensgaard-analysis-benchmark/benchmarks/coreutils-8.24/df.bc>:main:%114
</home/anonymous/eqlog-steensgaard-analysis-benchmark/benchmarks/coreutils-8.24/df.bc>:emit_ancillary_info:13	</home/anonymous/eqlog-steensgaard-analysis-benchmark/benchmarks/coreutils-8.24/df.bc>:emit_ancillary_info:%1
</home/anonymous/eqlog-steensgaard-analysis-benchmark/benchmarks/coreutils-8.24/df.bc>:emit_ancillary_info:19	</home/anonymous/eqlog-steensgaard-analysis-benchmark/benchmarks/coreutils-8.24/df.bc>:emit_ancillary_info:%4
</home/anonymous/eqlog-steensgaard-analysis-benchmark/benchmarks/coreutils-8.24/df.bc>:emit_ancillary_info:28	</home/anonymous/eqlog-steensgaard-analysis-benchmark/benchmarks/coreutils-8.24/df.bc>:emit_ancillary_info:%7
</home/anonymous/eqlog-steensgaard-analysis-benchmark/benchmarks/coreutils-8.24/df.bc>:emit_ancillary_info:32	</home/anonymous/eqlog-steensgaard-analysis-benchmark/benchmarks/coreutils-8.24/df.bc>:emit_ancillary_info:%8
</home/anonymous/eqlog-steensgaard-analysis-benchmark/benchmarks/coreutils-8.24/df.bc>:emit_ancillary_info:37	</home/anonymous/eqlog-steensgaard-analysis-benchmark/benchmarks/coreutils-8.24/df.bc>:emit_ancillary_info:%10
</home/anonymous/eqlog-steensgaard-analysis-benchmark/benchmarks/coreutils-8.24/df.bc>:add_fs_type:10	</home/anonymous/eqlog-steensgaard-analysis-benchmark/benchmarks/coreutils-8.24/df.bc>:add_fs_type:%2
</home/anonymous/eqlog-steensgaard-analysis-benchmark/benchmarks/coreutils-8.24/df.bc>:add_fs_type:14	</home/anonymous/eqlog-steensgaard-analysis-benchmark/benchmarks/coreutils-8.24/df.bc>:add_fs_type:%4
</home/anonymous/eqlog-steensgaard-analysis-benchmark/benchmarks/coreutils-8.24/df.bc>:add_excluded_fs_type:10	</home/anonymous/eqlog-steensgaard-analysis-benchmark/benchmarks/coreutils-8.24/df.bc>:add_excluded_fs_type:%2
</home/anonymous/eqlog-steensgaard-analysis-benchmark/benchmarks/coreutils-8.24/df.bc>:add_excluded_fs_type:14	</home/anonymous/eqlog-steensgaard-analysis-benchmark/benchmarks/coreutils-8.24/df.bc>:add_excluded_fs_type:%4
</home/anonymous/eqlog-steensgaard-analysis-benchmark/benchmarks/coreutils-8.24/df.bc>:decode_output_arg:24	</home/anonymous/eqlog-steensgaard-analysis-benchmark/benchmarks/coreutils-8.24/df.bc>:decode_output_arg:%4
</home/anonymous/eqlog-steensgaard-analysis-benchmark/benchmarks/coreutils-8.24/df.bc>:decode_output_arg:39	</home/anonymous/eqlog-steensgaard-analysis-benchmark/benchmarks/coreutils-8.24/df.bc>:decode_output_arg:39:0:@field_data
</home/anonymous/eqlog-steensgaard-analysis-benchmark/benchmarks/coreutils-8.24/df.bc>:decode_output_arg:40	</home/anonymous/eqlog-steensgaard-analysis-benchmark/benchmarks/coreutils-8.24/df.bc>:decode_output_arg:%arrayidx
</home/anonymous/eqlog-steensgaard-analysis-benchmark/benchmarks/coreutils-8.24/df.bc>:decode_output_arg:65	</home/anonymous/eqlog-steensgaard-analysis-benchmark/benchmarks/coreutils-8.24/df.bc>:decode_output_arg:65:0:@field_data
</home/anonymous/eqlog-steensgaard-analysis-benchmark/benchmarks/coreutils-8.24/df.bc>:decode_output_arg:66	</home/anonymous/eqlog-steensgaard-analysis-benchmark/benchmarks/coreutils-8.24/df.bc>:decode_output_arg:%arrayidx16
</home/anonymous/eqlog-steensgaard-analysis-benchmark/benchmarks/coreutils-8.24/df.bc>:decode_output_arg:73	</home/anonymous/eqlog-steensgaard-analysis-benchmark/benchmarks/coreutils-8.24/df.bc>:decode_output_arg:73:0:@field_data
</home/anonymous/eqlog-steensgaard-analysis-benchmark/benchmarks/coreutils-8.24/df.bc>:decode_output_arg:74	</home/anonymous/eqlog-steensgaard-analysis-benchmark/benchmarks/coreutils-8.24/df.bc>:decode_output_arg:%arrayidx21
</home/anonymous/eqlog-steensgaard-analysis-benchmark/benchmarks/coreutils-8.24/df.bc>:get_header:25	</home/anonymous/eqlog-steensgaard-analysis-benchmark/benchmarks/coreutils-8.24/df.bc>:get_header:%3
</home/anonymous/eqlog-steensgaard-analysis-benchmark/benchmarks/coreutils-8.24/df.bc>:get_header:27	</home/anonymous/eqlog-steensgaard-analysis-benchmark/benchmarks/coreutils-8.24/df.bc>:get_header:%4
</home/anonymous/eqlog-steensgaard-analysis-benchmark/benchmarks/coreutils-8.24/df.bc>:get_header:33	</home/anonymous/eqlog-steensgaard-analysis-benchmark/benchmarks/coreutils-8.24/df.bc>:get_header:%7
</home/anonymous/eqlog-steensgaard-analysis-benchmark/benchmarks/coreutils-8.24/df.bc>:get_header:35	</home/anonymous/eqlog-steensgaard-analysis-benchmark/benchmarks/coreutils-8.24/df.bc>:get_header:%8
</home/anonymous/eqlog-steensgaard-analysis-benchmark/benchmarks/coreutils-8.24/df.bc>:get_header:124	</home/anonymous/eqlog-steensgaard-analysis-benchmark/benchmarks/coreutils-8.24/df.bc>:get_header:%buf
</home/anonymous/eqlog-steensgaard-analysis-benchmark/benchmarks/coreutils-8.24/df.bc>:get_header:144	</home/anonymous/eqlog-steensgaard-analysis-benchmark/benchmarks/coreutils-8.24/df.bc>:get_header:%36
</home/anonymous/eqlog-steensgaard-analysis-benchmark/benchmarks/coreutils-8.24/df.bc>:get_header:146	</home/anonymous/eqlog-steensgaard-analysis-benchmark/benchmarks/coreutils-8.24/df.bc>:get_header:%37
</home/anonymous/eqlog-steensgaard-analysis-benchmark/benchmarks/coreutils-8.24/df.bc>:get_header:153	</home/anonymous/eqlog-steensgaard-analysis-benchmark/benchmarks/coreutils-8.24/df.bc>:get_header:%buf55
</home/anonymous/eqlog-steensgaard-analysis-benchmark/benchmarks/coreutils-8.24/df.bc>:get_header:182	</home/anonymous/eqlog-steensgaard-analysis-benchmark/benchmarks/coreutils-8.24/df.bc>:get_header:%48
</home/anonymous/eqlog-steensgaard-analysis-benchmark/benchmarks/coreutils-8.24/df.bc>:get_header:184	</home/anonymous/eqlog-steensgaard-analysis-benchmark/benchmarks/coreutils-8.24/df.bc>:get_header:%49
</home/anonymous/eqlog-steensgaard-analysis-benchmark/benchmarks/coreutils-8.24/df.bc>:get_header:188	</home/anonymous/eqlog-steensgaard-analysis-benchmark/benchmarks/coreutils-8.24/df.bc>:get_header:%51
</home/anonymous/eqlog-steensgaard-analysis-benchmark/benchmarks/coreutils-8.24/df.bc>:get_header:190	</home/anonymous/eqlog-steensgaard-analysis-benchmark/benchmarks/coreutils-8.24/df.bc>:get_header:%52
</home/anonymous/eqlog-steensgaard-analysis-benchmark/benchmarks/coreutils-8.24/df.bc>:get_header:199	</home/anonymous/eqlog-steensgaard-analysis-benchmark/benchmarks/coreutils-8.24/df.bc>:get_header:%56
</home/anonymous/eqlog-steensgaard-analysis-benchmark/benchmarks/coreutils-8.24/df.bc>:get_header:201	</home/anonymous/eqlog-steensgaard-analysis-benchmark/benchmarks/coreutils-8.24/df.bc>:get_header:%57
</home/anonymous/eqlog-steensgaard-analysis-benchmark/benchmarks/coreutils-8.24/df.bc>:get_header:211	</home/anonymous/eqlog-steensgaard-analysis-benchmark/benchmarks/coreutils-8.24/df.bc>:get_header:%61
</home/anonymous/eqlog-steensgaard-analysis-benchmark/benchmarks/coreutils-8.24/df.bc>:get_header:213	</home/anonymous/eqlog-steensgaard-analysis-benchmark/benchmarks/coreutils-8.24/df.bc>:get_header:%62
</home/anonymous/eqlog-steensgaard-analysis-benchmark/benchmarks/coreutils-8.24/df.bc>:get_entry:7	</home/anonymous/eqlog-steensgaard-analysis-benchmark/benchmarks/coreutils-8.24/df.bc>:get_entry:%0
</home/anonymous/eqlog-steensgaard-analysis-benchmark/benchmarks/coreutils-8.24/df.bc>:get_entry:13	</home/anonymous/eqlog-steensgaard-analysis-benchmark/benchmarks/coreutils-8.24/df.bc>:get_entry:%2
</home/anonymous/eqlog-steensgaard-analysis-benchmark/benchmarks/coreutils-8.24/df.bc>:get_all_entries:12	</home/anonymous/eqlog-steensgaard-analysis-benchmark/benchmarks/coreutils-8.24/df.bc>:get_all_entries:%3
</home/anonymous/eqlog-steensgaard-analysis-benchmark/benchmarks/coreutils-8.24/df.bc>:get_all_entries:15	</home/anonymous/eqlog-steensgaard-analysis-benchmark/benchmarks/coreutils-8.24/df.bc>:get_all_entries:%5
</home/anonymous/eqlog-steensgaard-analysis-benchmark/benchmarks/coreutils-8.24/df.bc>:get_all_entries:18	</home/anonymous/eqlog-steensgaard-analysis-benchmark/benchmarks/coreutils-8.24/df.bc>:get_all_entries:%7
</home/anonymous/eqlog-steensgaard-analysis-benchmark/benchmarks/coreutils-8.24/df.bc>:get_all_entries:21	</home/anonymous/eqlog-steensgaard-analysis-benchmark/benchmarks/coreutils-8.24/df.bc>:get_all_entries:%9
</home/anonymous/eqlog-steensgaard-analysis-benchmark/benchmarks/coreutils-8.24/df.bc>:get_all_entries:27	</home/anonymous/eqlog-steensgaard-analysis-benchmark/benchmarks/coreutils-8.24/df.bc>:get_all_entries:%10
</home/anonymous/eqlog-steensgaard-analysis-benchmark/benchmarks/coreutils-8.24/df.bc>:get_all_entries:36	</home/anonymous/eqlog-steensgaard-analysis-benchmark/benchmarks/coreutils-8.24/df.bc>:get_all_entries:%11
</home/anonymous/eqlog-steensgaard-analysis-benchmark/benchmarks/coreutils-8.24/df.bc>:get_dev:80	</home/anonymous/eqlog-steensgaard-analysis-benchmark/benchmarks/coreutils-8.24/df.bc>:get_dev:%9
</home/anonymous/eqlog-steensgaard-analysis-benchmark/benchmarks/coreutils-8.24/df.bc>:get_dev:129	</home/anonymous/eqlog-steensgaard-analysis-benchmark/benchmarks/coreutils-8.24/df.bc>:get_dev:%fsu
</home/anonymous/eqlog-steensgaard-analysis-benchmark/benchmarks/coreutils-8.24/df.bc>:get_dev:131	</home/anonymous/eqlog-steensgaard-analysis-benchmark/benchmarks/coreutils-8.24/df.bc>:get_dev:%fsu
</home/anonymous/eqlog-steensgaard-analysis-benchmark/benchmarks/coreutils-8.24/df.bc>:get_dev:133	</home/anonymous/eqlog-steensgaard-analysis-benchmark/benchmarks/coreutils-8.24/df.bc>:get_dev:%fsu
</home/anonymous/eqlog-steensgaard-analysis-benchmark/benchmarks/coreutils-8.24/df.bc>:get_dev:135	</home/anonymous/eqlog-steensgaard-analysis-benchmark/benchmarks/coreutils-8.24/df.bc>:get_dev:%fsu
</home/anonymous/eqlog-steensgaard-analysis-benchmark/benchmarks/coreutils-8.24/df.bc>:get_dev:137	</home/anonymous/eqlog-steensgaard-analysis-benchmark/benchmarks/coreutils-8.24/df.bc>:get_dev:%fsu
</home/anonymous/eqlog-steensgaard-analysis-benchmark/benchmarks/coreutils-8.24/df.bc>:get_dev:139	</home/anonymous/eqlog-steensgaard-analysis-benchmark/benchmarks/coreutils-8.24/df.bc>:get_dev:%fsu
</home/anonymous/eqlog-steensgaard-analysis-benchmark/benchmarks/coreutils-8.24/df.bc>:get_dev:141	</home/anonymous/eqlog-steensgaard-analysis-benchmark/benchmarks/coreutils-8.24/df.bc>:get_dev:%fsu
</home/anonymous/eqlog-steensgaard-analysis-benchmark/benchmarks/coreutils-8.24/df.bc>:get_dev:164	</home/anonymous/eqlog-steensgaard-analysis-benchmark/benchmarks/coreutils-8.24/df.bc>:get_dev:%sb
</home/anonymous/eqlog-steensgaard-analysis-benchmark/benchmarks/coreutils-8.24/df.bc>:get_dev:172	</home/anonymous/eqlog-steensgaard-analysis-benchmark/benchmarks/coreutils-8.24/df.bc>:get_dev:%32
</home/anonymous/eqlog-steensgaard-analysis-benchmark/benchmarks/coreutils-8.24/df.bc>:get_dev:179	</home/anonymous/eqlog-steensgaard-analysis-benchmark/benchmarks/coreutils-8.24/df.bc>:get_dev:%35
</home/anonymous/eqlog-steensgaard-analysis-benchmark/benchmarks/coreutils-8.24/df.bc>:get_dev:190	</home/anonymous/eqlog-steensgaard-analysis-benchmark/benchmarks/coreutils-8.24/df.bc>:get_dev:%fsu
</home/anonymous/eqlog-steensgaard-analysis-benchmark/benchmarks/coreutils-8.24/df.bc>:get_dev:192	</home/anonymous/eqlog-steensgaard-analysis-benchmark/benchmarks/coreutils-8.24/df.bc>:get_dev:%fsu
</home/anonymous/eqlog-steensgaard-analysis-benchmark/benchmarks/coreutils-8.24/df.bc>:get_dev:194	</home/anonymous/eqlog-steensgaard-analysis-benchmark/benchmarks/coreutils-8.24/df.bc>:get_dev:%fsu
</home/anonymous/eqlog-steensgaard-analysis-benchmark/benchmarks/coreutils-8.24/df.bc>:get_dev:196	</home/anonymous/eqlog-steensgaard-analysis-benchmark/benchmarks/coreutils-8.24/df.bc>:get_dev:%fsu
</home/anonymous/eqlog-steensgaard-analysis-benchmark/benchmarks/coreutils-8.24/df.bc>:get_dev:198	</home/anonymous/eqlog-steensgaard-analysis-benchmark/benchmarks/coreutils-8.24/df.bc>:get_dev:%fsu
</home/anonymous/eqlog-steensgaard-analysis-benchmark/benchmarks/coreutils-8.24/df.bc>:get_dev:200	</home/anonymous/eqlog-steensgaard-analysis-benchmark/benchmarks/coreutils-8.24/df.bc>:get_dev:%fsu
</home/anonymous/eqlog-steensgaard-analysis-benchmark/benchmarks/coreutils-8.24/df.bc>:get_dev:202	</home/anonymous/eqlog-steensgaard-analysis-benchmark/benchmarks/coreutils-8.24/df.bc>:get_dev:%fsu
</home/anonymous/eqlog-steensgaard-analysis-benchmark/benchmarks/coreutils-8.24/df.bc>:get_dev:209	</home/anonymous/eqlog-steensgaard-analysis-benchmark/benchmarks/coreutils-8.24/df.bc>:get_dev:%fsu
</home/anonymous/eqlog-steensgaard-analysis-benchmark/benchmarks/coreutils-8.24/df.bc>:get_dev:285	</home/anonymous/eqlog-steensgaard-analysis-benchmark/benchmarks/coreutils-8.24/df.bc>:get_dev:%55
</home/anonymous/eqlog-steensgaard-analysis-benchmark/benchmarks/coreutils-8.24/df.bc>:get_dev:287	</home/anonymous/eqlog-steensgaard-analysis-benchmark/benchmarks/coreutils-8.24/df.bc>:get_dev:%56
</home/anonymous/eqlog-steensgaard-analysis-benchmark/benchmarks/coreutils-8.24/df.bc>:get_dev:301	</home/anonymous/eqlog-steensgaard-analysis-benchmark/benchmarks/coreutils-8.24/df.bc>:get_dev:%59
</home/anonymous/eqlog-steensgaard-analysis-benchmark/benchmarks/coreutils-8.24/df.bc>:get_dev:303	</home/anonymous/eqlog-steensgaard-analysis-benchmark/benchmarks/coreutils-8.24/df.bc>:get_dev:%60
</home/anonymous/eqlog-steensgaard-analysis-benchmark/benchmarks/coreutils-8.24/df.bc>:get_dev:315	</home/anonymous/eqlog-steensgaard-analysis-benchmark/benchmarks/coreutils-8.24/df.bc>:get_dev:%64
</home/anonymous/eqlog-steensgaard-analysis-benchmark/benchmarks/coreutils-8.24/df.bc>:get_dev:317	</home/anonymous/eqlog-steensgaard-analysis-benchmark/benchmarks/coreutils-8.24/df.bc>:get_dev:%buf
</home/anonymous/eqlog-steensgaard-analysis-benchmark/benchmarks/coreutils-8.24/df.bc>:get_dev:319	</home/anonymous/eqlog-steensgaard-analysis-benchmark/benchmarks/coreutils-8.24/df.bc>:get_dev:%66
</home/anonymous/eqlog-steensgaard-analysis-benchmark/benchmarks/coreutils-8.24/df.bc>:get_dev:322	</home/anonymous/eqlog-steensgaard-analysis-benchmark/benchmarks/coreutils-8.24/df.bc>:get_dev:%68
</home/anonymous/eqlog-steensgaard-analysis-benchmark/benchmarks/coreutils-8.24/df.bc>:get_dev:329	</home/anonymous/eqlog-steensgaard-analysis-benchmark/benchmarks/coreutils-8.24/df.bc>:get_dev:%70
</home/anonymous/eqlog-steensgaard-analysis-benchmark/benchmarks/coreutils-8.24/df.bc>:get_dev:333	</home/anonymous/eqlog-steensgaard-analysis-benchmark/benchmarks/coreutils-8.24/df.bc>:get_dev:%72
</home/anonymous/eqlog-steensgaard-analysis-benchmark/benchmarks/coreutils-8.24/df.bc>:get_dev:335	</home/anonymous/eqlog-steensgaard-analysis-benchmark/benchmarks/coreutils-8.24/df.bc>:get_dev:%buf
</home/anonymous/eqlog-steensgaard-analysis-benchmark/benchmarks/coreutils-8.24/df.bc>:get_dev:337	</home/anonymous/eqlog-steensgaard-analysis-benchmark/benchmarks/coreutils-8.24/df.bc>:get_dev:%74
</home/anonymous/eqlog-steensgaard-analysis-benchmark/benchmarks/coreutils-8.24/df.bc>:get_dev:340	</home/anonymous/eqlog-steensgaard-analysis-benchmark/benchmarks/coreutils-8.24/df.bc>:get_dev:%76
</home/anonymous/eqlog-steensgaard-analysis-benchmark/benchmarks/coreutils-8.24/df.bc>:get_dev:347	</home/anonymous/eqlog-steensgaard-analysis-benchmark/benchmarks/coreutils-8.24/df.bc>:get_dev:%78
</home/anonymous/eqlog-steensgaard-analysis-benchmark/benchmarks/coreutils-8.24/df.bc>:get_dev:351	</home/anonymous/eqlog-steensgaard-analysis-benchmark/benchmarks/coreutils-8.24/df.bc>:get_dev:%80
</home/anonymous/eqlog-steensgaard-analysis-benchmark/benchmarks/coreutils-8.24/df.bc>:get_dev:353	</home/anonymous/eqlog-steensgaard-analysis-benchmark/benchmarks/coreutils-8.24/df.bc>:get_dev:%buf
</home/anonymous/eqlog-steensgaard-analysis-benchmark/benchmarks/coreutils-8.24/df.bc>:get_dev:355	</home/anonymous/eqlog-steensgaard-analysis-benchmark/benchmarks/coreutils-8.24/df.bc>:get_dev:%82
</home/anonymous/eqlog-steensgaard-analysis-benchmark/benchmarks/coreutils-8.24/df.bc>:get_dev:358	</home/anonymous/eqlog-steensgaard-analysis-benchmark/benchmarks/coreutils-8.24/df.bc>:get_dev:%84
</home/anonymous/eqlog-steensgaard-analysis-benchmark/benchmarks/coreutils-8.24/df.bc>:get_dev:367	</home/anonymous/eqlog-steensgaard-analysis-benchmark/benchmarks/coreutils-8.24/df.bc>:get_dev:%86
</home/anonymous/eqlog-steensgaard-analysis-benchmark/benchmarks/coreutils-8.24/df.bc>:get_dev:372	</home/anonymous/eqlog-steensgaard-analysis-benchmark/benchmarks/coreutils-8.24/df.bc>:get_dev:%88
</home/anonymous/eqlog-steensgaard-analysis-benchmark/benchmarks/coreutils-8.24/df.bc>:get_dev:378	</home/anonymous/eqlog-steensgaard-analysis-benchmark/benchmarks/coreutils-8.24/df.bc>:get_dev:%90
</home/anonymous/eqlog-steensgaard-analysis-benchmark/benchmarks/coreutils-8.24/df.bc>:get_dev:383	</home/anonymous/eqlog-steensgaard-analysis-benchmark/benchmarks/coreutils-8.24/df.bc>:get_dev:%92
</home/anonymous/eqlog-steensgaard-analysis-benchmark/benchmarks/coreutils-8.24/df.bc>:get_dev:388	</home/anonymous/eqlog-steensgaard-analysis-benchmark/benchmarks/coreutils-8.24/df.bc>:get_dev:%94
</home/anonymous/eqlog-steensgaard-analysis-benchmark/benchmarks/coreutils-8.24/df.bc>:get_dev:391	</home/anonymous/eqlog-steensgaard-analysis-benchmark/benchmarks/coreutils-8.24/df.bc>:get_dev:%96
</home/anonymous/eqlog-steensgaard-analysis-benchmark/benchmarks/coreutils-8.24/df.bc>:get_dev:397	</home/anonymous/eqlog-steensgaard-analysis-benchmark/benchmarks/coreutils-8.24/df.bc>:get_dev:%98
</home/anonymous/eqlog-steensgaard-analysis-benchmark/benchmarks/coreutils-8.24/df.bc>:get_dev:400	</home/anonymous/eqlog-steensgaard-analysis-benchmark/benchmarks/coreutils-8.24/df.bc>:get_dev:%100
</home/anonymous/eqlog-steensgaard-analysis-benchmark/benchmarks/coreutils-8.24/df.bc>:get_dev:404	</home/anonymous/eqlog-steensgaard-analysis-benchmark/benchmarks/coreutils-8.24/df.bc>:get_dev:%102
</home/anonymous/eqlog-steensgaard-analysis-benchmark/benchmarks/coreutils-8.24/df.bc>:get_dev:409	</home/anonymous/eqlog-steensgaard-analysis-benchmark/benchmarks/coreutils-8.24/df.bc>:get_dev:%104
</home/anonymous/eqlog-steensgaard-analysis-benchmark/benchmarks/coreutils-8.24/df.bc>:get_dev:417	</home/anonymous/eqlog-steensgaard-analysis-benchmark/benchmarks/coreutils-8.24/df.bc>:get_dev:%106
</home/anonymous/eqlog-steensgaard-analysis-benchmark/benchmarks/coreutils-8.24/df.bc>:get_dev:423	</home/anonymous/eqlog-steensgaard-analysis-benchmark/benchmarks/coreutils-8.24/df.bc>:get_dev:%108
</home/anonymous/eqlog-steensgaard-analysis-benchmark/benchmarks/coreutils-8.24/df.bc>:get_dev:426	</home/anonymous/eqlog-steensgaard-analysis-benchmark/benchmarks/coreutils-8.24/df.bc>:get_dev:%110
</home/anonymous/eqlog-steensgaard-analysis-benchmark/benchmarks/coreutils-8.24/df.bc>:get_dev:445	</home/anonymous/eqlog-steensgaard-analysis-benchmark/benchmarks/coreutils-8.24/df.bc>:get_dev:%116
</home/anonymous/eqlog-steensgaard-analysis-benchmark/benchmarks/coreutils-8.24/df.bc>:get_dev:450	</home/anonymous/eqlog-steensgaard-analysis-benchmark/benchmarks/coreutils-8.24/df.bc>:get_dev:%118
</home/anonymous/eqlog-steensgaard-analysis-benchmark/benchmarks/coreutils-8.24/df.bc>:get_dev:457	</home/anonymous/eqlog-steensgaard-analysis-benchmark/benchmarks/coreutils-8.24/df.bc>:get_dev:%120
</home/anonymous/eqlog-steensgaard-analysis-benchmark/benchmarks/coreutils-8.24/df.bc>:get_dev:465	</home/anonymous/eqlog-steensgaard-analysis-benchmark/benchmarks/coreutils-8.24/df.bc>:get_dev:%122
</home/anonymous/eqlog-steensgaard-analysis-benchmark/benchmarks/coreutils-8.24/df.bc>:get_dev:470	</home/anonymous/eqlog-steensgaard-analysis-benchmark/benchmarks/coreutils-8.24/df.bc>:get_dev:%124
</home/anonymous/eqlog-steensgaard-analysis-benchmark/benchmarks/coreutils-8.24/df.bc>:get_dev:477	</home/anonymous/eqlog-steensgaard-analysis-benchmark/benchmarks/coreutils-8.24/df.bc>:get_dev:%126
</home/anonymous/eqlog-steensgaard-analysis-benchmark/benchmarks/coreutils-8.24/df.bc>:get_dev:563	</home/anonymous/eqlog-steensgaard-analysis-benchmark/benchmarks/coreutils-8.24/df.bc>:get_dev:%149
</home/anonymous/eqlog-steensgaard-analysis-benchmark/benchmarks/coreutils-8.24/df.bc>:get_dev:565	</home/anonymous/eqlog-steensgaard-analysis-benchmark/benchmarks/coreutils-8.24/df.bc>:get_dev:%150
</home/anonymous/eqlog-steensgaard-analysis-benchmark/benchmarks/coreutils-8.24/df.bc>:get_dev:574	</home/anonymous/eqlog-steensgaard-analysis-benchmark/benchmarks/coreutils-8.24/df.bc>:get_dev:%154
</home/anonymous/eqlog-steensgaard-analysis-benchmark/benchmarks/coreutils-8.24/df.bc>:get_dev:576	</home/anonymous/eqlog-steensgaard-analysis-benchmark/benchmarks/coreutils-8.24/df.bc>:get_dev:%155
</home/anonymous/eqlog-steensgaard-analysis-benchmark/benchmarks/coreutils-8.24/df.bc>:get_dev:586	</home/anonymous/eqlog-steensgaard-analysis-benchmark/benchmarks/coreutils-8.24/df.bc>:get_dev:%159
</home/anonymous/eqlog-steensgaard-analysis-benchmark/benchmarks/coreutils-8.24/df.bc>:get_dev:588	</home/anonymous/eqlog-steensgaard-analysis-benchmark/benchmarks/coreutils-8.24/df.bc>:get_dev:%160
</home/anonymous/eqlog-steensgaard-analysis-benchmark/benchmarks/coreutils-8.24/df.bc>:get_dev:595	</home/anonymous/eqlog-steensgaard-analysis-benchmark/benchmarks/coreutils-8.24/df.bc>:get_dev:%164
</home/anonymous/eqlog-steensgaard-analysis-benchmark/benchmarks/coreutils-8.24/df.bc>:get_dev:597	</home/anonymous/eqlog-steensgaard-analysis-benchmark/benchmarks/coreutils-8.24/df.bc>:get_dev:%165
</home/anonymous/eqlog-steensgaard-analysis-benchmark/benchmarks/coreutils-8.24/df.bc>:print_table:23	</home/anonymous/eqlog-steensgaard-analysis-benchmark/benchmarks/coreutils-8.24/df.bc>:print_table:%6
</home/anonymous/eqlog-steensgaard-analysis-benchmark/benchmarks/coreutils-8.24/df.bc>:print_table:25	</home/anonymous/eqlog-steensgaard-analysis-benchmark/benchmarks/coreutils-8.24/df.bc>:print_table:%7
</home/anonymous/eqlog-steensgaard-analysis-benchmark/benchmarks/coreutils-8.24/df.bc>:print_table:45	</home/anonymous/eqlog-steensgaard-analysis-benchmark/benchmarks/coreutils-8.24/df.bc>:print_table:%13
</home/anonymous/eqlog-steensgaard-analysis-benchmark/benchmarks/coreutils-8.24/df.bc>:print_table:47	</home/anonymous/eqlog-steensgaard-analysis-benchmark/benchmarks/coreutils-8.24/df.bc>:print_table:%14
</home/anonymous/eqlog-steensgaard-analysis-benchmark/benchmarks/coreutils-8.24/df.bc>:print_table:53	</home/anonymous/eqlog-steensgaard-analysis-benchmark/benchmarks/coreutils-8.24/df.bc>:print_table:%18
</home/anonymous/eqlog-steensgaard-analysis-benchmark/benchmarks/coreutils-8.24/df.bc>:print_table:55	</home/anonymous/eqlog-steensgaard-analysis-benchmark/benchmarks/coreutils-8.24/df.bc>:print_table:%19
</home/anonymous/eqlog-steensgaard-analysis-benchmark/benchmarks/coreutils-8.24/df.bc>:print_table:68	</home/anonymous/eqlog-steensgaard-analysis-benchmark/benchmarks/coreutils-8.24/df.bc>:print_table:%26
</home/anonymous/eqlog-steensgaard-analysis-benchmark/benchmarks/coreutils-8.24/df.bc>:print_table:70	</home/anonymous/eqlog-steensgaard-analysis-benchmark/benchmarks/coreutils-8.24/df.bc>:print_table:%27
</home/anonymous/eqlog-steensgaard-analysis-benchmark/benchmarks/coreutils-8.24/df.bc>:alloc_field:17	</home/anonymous/eqlog-steensgaard-analysis-benchmark/benchmarks/coreutils-8.24/df.bc>:alloc_field:17:0:@field_data
</home/anonymous/eqlog-steensgaard-analysis-benchmark/benchmarks/coreutils-8.24/df.bc>:alloc_field:21	</home/anonymous/eqlog-steensgaard-analysis-benchmark/benchmarks/coreutils-8.24/df.bc>:alloc_field:%7
</home/anonymous/eqlog-steensgaard-analysis-benchmark/benchmarks/coreutils-8.24/df.bc>:alloc_field:30	</home/anonymous/eqlog-steensgaard-analysis-benchmark/benchmarks/coreutils-8.24/df.bc>:alloc_field:%11
</home/anonymous/eqlog-steensgaard-analysis-benchmark/benchmarks/coreutils-8.24/df.bc>:alloc_field:32	</home/anonymous/eqlog-steensgaard-analysis-benchmark/benchmarks/coreutils-8.24/df.bc>:alloc_field:%12
</home/anonymous/eqlog-steensgaard-analysis-benchmark/benchmarks/coreutils-8.24/df.bc>:alloc_field:37	</home/anonymous/eqlog-steensgaard-analysis-benchmark/benchmarks/coreutils-8.24/df.bc>:alloc_field:37:0:@field_data
</home/anonymous/eqlog-steensgaard-analysis-benchmark/benchmarks/coreutils-8.24/df.bc>:alloc_field:38	</home/anonymous/eqlog-steensgaard-analysis-benchmark/benchmarks/coreutils-8.24/df.bc>:alloc_field:%arrayidx5
</home/anonymous/eqlog-steensgaard-analysis-benchmark/benchmarks/coreutils-8.24/df.bc>:alloc_field:46	</home/anonymous/eqlog-steensgaard-analysis-benchmark/benchmarks/coreutils-8.24/df.bc>:alloc_field:46:0:@field_data
</home/anonymous/eqlog-steensgaard-analysis-benchmark/benchmarks/coreutils-8.24/df.bc>:alloc_field:47	</home/anonymous/eqlog-steensgaard-analysis-benchmark/benchmarks/coreutils-8.24/df.bc>:alloc_field:%arrayidx9
</home/anonymous/eqlog-steensgaard-analysis-benchmark/benchmarks/coreutils-8.24/df.bc>:alloc_table_row:15	</home/anonymous/eqlog-steensgaard-analysis-benchmark/benchmarks/coreutils-8.24/df.bc>:alloc_table_row:%8
</home/anonymous/eqlog-steensgaard-analysis-benchmark/benchmarks/coreutils-8.24/df.bc>:hide_problematic_chars:19	</home/anonymous/eqlog-steensgaard-analysis-benchmark/benchmarks/coreutils-8.24/df.bc>:hide_problematic_chars:%5
</home/anonymous/eqlog-steensgaard-analysis-benchmark/benchmarks/coreutils-8.24/df.bc>:hide_problematic_chars:29	</home/anonymous/eqlog-steensgaard-analysis-benchmark/benchmarks/coreutils-8.24/df.bc>:hide_problematic_chars:%8
</home/anonymous/eqlog-steensgaard-analysis-benchmark/benchmarks/coreutils-8.24/df.bc>:get_disk:35	</home/anonymous/eqlog-steensgaard-analysis-benchmark/benchmarks/coreutils-8.24/df.bc>:get_disk:%3
</home/anonymous/eqlog-steensgaard-analysis-benchmark/benchmarks/coreutils-8.24/df.bc>:get_disk:53	</home/anonymous/eqlog-steensgaard-analysis-benchmark/benchmarks/coreutils-8.24/df.bc>:get_disk:%8
</home/anonymous/eqlog-steensgaard-analysis-benchmark/benchmarks/coreutils-8.24/df.bc>:get_disk:58	</home/anonymous/eqlog-steensgaard-analysis-benchmark/benchmarks/coreutils-8.24/df.bc>:get_disk:%10
</home/anonymous/eqlog-steensgaard-analysis-benchmark/benchmarks/coreutils-8.24/df.bc>:get_disk:66	</home/anonymous/eqlog-steensgaard-analysis-benchmark/benchmarks/coreutils-8.24/df.bc>:get_disk:%13
</home/anonymous/eqlog-steensgaard-analysis-benchmark/benchmarks/coreutils-8.24/df.bc>:get_disk:81	</home/anonymous/eqlog-steensgaard-analysis-benchmark/benchmarks/coreutils-8.24/df.bc>:get_disk:%18
</home/anonymous/eqlog-steensgaard-analysis-benchmark/benchmarks/coreutils-8.24/df.bc>:get_disk:99	</home/anonymous/eqlog-steensgaard-analysis-benchmark/benchmarks/coreutils-8.24/df.bc>:get_disk:%24
</home/anonymous/eqlog-steensgaard-analysis-benchmark/benchmarks/coreutils-8.24/df.bc>:get_disk:117	</home/anonymous/eqlog-steensgaard-analysis-benchmark/benchmarks/coreutils-8.24/df.bc>:get_disk:%30
</home/anonymous/eqlog-steensgaard-analysis-benchmark/benchmarks/coreutils-8.24/df.bc>:get_disk:157	</home/anonymous/eqlog-steensgaard-analysis-benchmark/benchmarks/coreutils-8.24/df.bc>:get_disk:%43
</home/anonymous/eqlog-steensgaard-analysis-benchmark/benchmarks/coreutils-8.24/df.bc>:get_disk:167	</home/anonymous/eqlog-steensgaard-analysis-benchmark/benchmarks/coreutils-8.24/df.bc>:get_disk:%47
</home/anonymous/eqlog-steensgaard-analysis-benchmark/benchmarks/coreutils-8.24/df.bc>:get_disk:170	</home/anonymous/eqlog-steensgaard-analysis-benchmark/benchmarks/coreutils-8.24/df.bc>:get_disk:%49
</home/anonymous/eqlog-steensgaard-analysis-benchmark/benchmarks/coreutils-8.24/df.bc>:get_disk:174	</home/anonymous/eqlog-steensgaard-analysis-benchmark/benchmarks/coreutils-8.24/df.bc>:get_disk:%52
</home/anonymous/eqlog-steensgaard-analysis-benchmark/benchmarks/coreutils-8.24/df.bc>:get_disk:177	</home/anonymous/eqlog-steensgaard-analysis-benchmark/benchmarks/coreutils-8.24/df.bc>:get_disk:%54
</home/anonymous/eqlog-steensgaard-analysis-benchmark/benchmarks/coreutils-8.24/df.bc>:get_disk:183	</home/anonymous/eqlog-steensgaard-analysis-benchmark/benchmarks/coreutils-8.24/df.bc>:get_disk:%55
</home/anonymous/eqlog-steensgaard-analysis-benchmark/benchmarks/coreutils-8.24/df.bc>:last_device_for_mount:18	</home/anonymous/eqlog-steensgaard-analysis-benchmark/benchmarks/coreutils-8.24/df.bc>:last_device_for_mount:%2
</home/anonymous/eqlog-steensgaard-analysis-benchmark/benchmarks/coreutils-8.24/df.bc>:last_device_for_mount:29	</home/anonymous/eqlog-steensgaard-analysis-benchmark/benchmarks/coreutils-8.24/df.bc>:last_device_for_mount:%6
</home/anonymous/eqlog-steensgaard-analysis-benchmark/benchmarks/coreutils-8.24/df.bc>:last_device_for_mount:38	</home/anonymous/eqlog-steensgaard-analysis-benchmark/benchmarks/coreutils-8.24/df.bc>:last_device_for_mount:%9
</home/anonymous/eqlog-steensgaard-analysis-benchmark/benchmarks/coreutils-8.24/df.bc>:last_device_for_mount:49	</home/anonymous/eqlog-steensgaard-analysis-benchmark/benchmarks/coreutils-8.24/df.bc>:last_device_for_mount:%13
</home/anonymous/eqlog-steensgaard-analysis-benchmark/benchmarks/coreutils-8.24/df.bc>:last_device_for_mount:60	</home/anonymous/eqlog-steensgaard-analysis-benchmark/benchmarks/coreutils-8.24/df.bc>:last_device_for_mount:%17
</home/anonymous/eqlog-steensgaard-analysis-benchmark/benchmarks/coreutils-8.24/df.bc>:get_point:26	</home/anonymous/eqlog-steensgaard-analysis-benchmark/benchmarks/coreutils-8.24/df.bc>:get_point:%2
</home/anonymous/eqlog-steensgaard-analysis-benchmark/benchmarks/coreutils-8.24/df.bc>:get_point:44	</home/anonymous/eqlog-steensgaard-analysis-benchmark/benchmarks/coreutils-8.24/df.bc>:get_point:%7
</home/anonymous/eqlog-steensgaard-analysis-benchmark/benchmarks/coreutils-8.24/df.bc>:get_point:53	</home/anonymous/eqlog-steensgaard-analysis-benchmark/benchmarks/coreutils-8.24/df.bc>:get_point:%10
</home/anonymous/eqlog-steensgaard-analysis-benchmark/benchmarks/coreutils-8.24/df.bc>:get_point:60	</home/anonymous/eqlog-steensgaard-analysis-benchmark/benchmarks/coreutils-8.24/df.bc>:get_point:%11
</home/anonymous/eqlog-steensgaard-analysis-benchmark/benchmarks/coreutils-8.24/df.bc>:get_point:68	</home/anonymous/eqlog-steensgaard-analysis-benchmark/benchmarks/coreutils-8.24/df.bc>:get_point:%12
</home/anonymous/eqlog-steensgaard-analysis-benchmark/benchmarks/coreutils-8.24/df.bc>:get_point:89	</home/anonymous/eqlog-steensgaard-analysis-benchmark/benchmarks/coreutils-8.24/df.bc>:get_point:%22
</home/anonymous/eqlog-steensgaard-analysis-benchmark/benchmarks/coreutils-8.24/df.bc>:get_point:95	</home/anonymous/eqlog-steensgaard-analysis-benchmark/benchmarks/coreutils-8.24/df.bc>:get_point:%24
</home/anonymous/eqlog-steensgaard-analysis-benchmark/benchmarks/coreutils-8.24/df.bc>:get_point:110	</home/anonymous/eqlog-steensgaard-analysis-benchmark/benchmarks/coreutils-8.24/df.bc>:get_point:%30
</home/anonymous/eqlog-steensgaard-analysis-benchmark/benchmarks/coreutils-8.24/df.bc>:get_point:121	</home/anonymous/eqlog-steensgaard-analysis-benchmark/benchmarks/coreutils-8.24/df.bc>:get_point:%34
</home/anonymous/eqlog-steensgaard-analysis-benchmark/benchmarks/coreutils-8.24/df.bc>:get_point:126	</home/anonymous/eqlog-steensgaard-analysis-benchmark/benchmarks/coreutils-8.24/df.bc>:get_point:%disk_stats
</home/anonymous/eqlog-steensgaard-analysis-benchmark/benchmarks/coreutils-8.24/df.bc>:get_point:129	</home/anonymous/eqlog-steensgaard-analysis-benchmark/benchmarks/coreutils-8.24/df.bc>:get_point:%37
</home/anonymous/eqlog-steensgaard-analysis-benchmark/benchmarks/coreutils-8.24/df.bc>:get_point:145	</home/anonymous/eqlog-steensgaard-analysis-benchmark/benchmarks/coreutils-8.24/df.bc>:get_point:%42
</home/anonymous/eqlog-steensgaard-analysis-benchmark/benchmarks/coreutils-8.24/df.bc>:get_point:150	</home/anonymous/eqlog-steensgaard-analysis-benchmark/benchmarks/coreutils-8.24/df.bc>:get_point:%44
</home/anonymous/eqlog-steensgaard-analysis-benchmark/benchmarks/coreutils-8.24/df.bc>:get_point:155	</home/anonymous/eqlog-steensgaard-analysis-benchmark/benchmarks/coreutils-8.24/df.bc>:get_point:%disk_stats
</home/anonymous/eqlog-steensgaard-analysis-benchmark/benchmarks/coreutils-8.24/df.bc>:get_point:158	</home/anonymous/eqlog-steensgaard-analysis-benchmark/benchmarks/coreutils-8.24/df.bc>:get_point:%47
</home/anonymous/eqlog-steensgaard-analysis-benchmark/benchmarks/coreutils-8.24/df.bc>:get_point:168	</home/anonymous/eqlog-steensgaard-analysis-benchmark/benchmarks/coreutils-8.24/df.bc>:get_point:%50
</home/anonymous/eqlog-steensgaard-analysis-benchmark/benchmarks/coreutils-8.24/df.bc>:get_point:175	</home/anonymous/eqlog-steensgaard-analysis-benchmark/benchmarks/coreutils-8.24/df.bc>:get_point:%52
</home/anonymous/eqlog-steensgaard-analysis-benchmark/benchmarks/coreutils-8.24/df.bc>:get_point:180	</home/anonymous/eqlog-steensgaard-analysis-benchmark/benchmarks/coreutils-8.24/df.bc>:get_point:%53
</home/anonymous/eqlog-steensgaard-analysis-benchmark/benchmarks/coreutils-8.24/df.bc>:get_point:183	</home/anonymous/eqlog-steensgaard-analysis-benchmark/benchmarks/coreutils-8.24/df.bc>:get_point:%55
</home/anonymous/eqlog-steensgaard-analysis-benchmark/benchmarks/coreutils-8.24/df.bc>:get_point:188	</home/anonymous/eqlog-steensgaard-analysis-benchmark/benchmarks/coreutils-8.24/df.bc>:get_point:%57
</home/anonymous/eqlog-steensgaard-analysis-benchmark/benchmarks/coreutils-8.24/df.bc>:get_point:197	</home/anonymous/eqlog-steensgaard-analysis-benchmark/benchmarks/coreutils-8.24/df.bc>:get_point:%60
</home/anonymous/eqlog-steensgaard-analysis-benchmark/benchmarks/coreutils-8.24/df.bc>:get_point:204	</home/anonymous/eqlog-steensgaard-analysis-benchmark/benchmarks/coreutils-8.24/df.bc>:get_point:%61
</home/anonymous/eqlog-steensgaard-analysis-benchmark/benchmarks/coreutils-8.24/df.bc>:get_point:211	</home/anonymous/eqlog-steensgaard-analysis-benchmark/benchmarks/coreutils-8.24/df.bc>:get_point:%62
</home/anonymous/eqlog-steensgaard-analysis-benchmark/benchmarks/coreutils-8.24/df.bc>:get_point:216	</home/anonymous/eqlog-steensgaard-analysis-benchmark/benchmarks/coreutils-8.24/df.bc>:get_point:%disk_stats
</home/anonymous/eqlog-steensgaard-analysis-benchmark/benchmarks/coreutils-8.24/df.bc>:get_point:219	</home/anonymous/eqlog-steensgaard-analysis-benchmark/benchmarks/coreutils-8.24/df.bc>:get_point:%65
</home/anonymous/eqlog-steensgaard-analysis-benchmark/benchmarks/coreutils-8.24/df.bc>:get_point:224	</home/anonymous/eqlog-steensgaard-analysis-benchmark/benchmarks/coreutils-8.24/df.bc>:get_point:%67
</home/anonymous/eqlog-steensgaard-analysis-benchmark/benchmarks/coreutils-8.24/df.bc>:get_point:233	</home/anonymous/eqlog-steensgaard-analysis-benchmark/benchmarks/coreutils-8.24/df.bc>:get_point:%69
</home/anonymous/eqlog-steensgaard-analysis-benchmark/benchmarks/coreutils-8.24/df.bc>:get_point:242	</home/anonymous/eqlog-steensgaard-analysis-benchmark/benchmarks/coreutils-8.24/df.bc>:get_point:%72
</home/anonymous/eqlog-steensgaard-analysis-benchmark/benchmarks/coreutils-8.24/df.bc>:get_point:245	</home/anonymous/eqlog-steensgaard-analysis-benchmark/benchmarks/coreutils-8.24/df.bc>:get_point:%74
</home/anonymous/eqlog-steensgaard-analysis-benchmark/benchmarks/coreutils-8.24/df.bc>:get_point:250	</home/anonymous/eqlog-steensgaard-analysis-benchmark/benchmarks/coreutils-8.24/df.bc>:get_point:%78
</home/anonymous/eqlog-steensgaard-analysis-benchmark/benchmarks/coreutils-8.24/df.bc>:get_point:253	</home/anonymous/eqlog-steensgaard-analysis-benchmark/benchmarks/coreutils-8.24/df.bc>:get_point:%80
</home/anonymous/eqlog-steensgaard-analysis-benchmark/benchmarks/coreutils-8.24/df.bc>:get_point:259	</home/anonymous/eqlog-steensgaard-analysis-benchmark/benchmarks/coreutils-8.24/df.bc>:get_point:%81
</home/anonymous/eqlog-steensgaard-analysis-benchmark/benchmarks/coreutils-8.24/df.bc>:filter_mount_list:21	</home/anonymous/eqlog-steensgaard-analysis-benchmark/benchmarks/coreutils-8.24/df.bc>:filter_mount_list:%2
</home/anonymous/eqlog-steensgaard-analysis-benchmark/benchmarks/coreutils-8.24/df.bc>:filter_mount_list:32	</home/anonymous/eqlog-steensgaard-analysis-benchmark/benchmarks/coreutils-8.24/df.bc>:filter_mount_list:%4
</home/anonymous/eqlog-steensgaard-analysis-benchmark/benchmarks/coreutils-8.24/df.bc>:filter_mount_list:38	</home/anonymous/eqlog-steensgaard-analysis-benchmark/benchmarks/coreutils-8.24/df.bc>:filter_mount_list:%6
</home/anonymous/eqlog-steensgaard-analysis-benchmark/benchmarks/coreutils-8.24/df.bc>:filter_mount_list:40	</home/anonymous/eqlog-steensgaard-analysis-benchmark/benchmarks/coreutils-8.24/df.bc>:filter_mount_list:%buf
</home/anonymous/eqlog-steensgaard-analysis-benchmark/benchmarks/coreutils-8.24/df.bc>:filter_mount_list:50	</home/anonymous/eqlog-steensgaard-analysis-benchmark/benchmarks/coreutils-8.24/df.bc>:filter_mount_list:%10
</home/anonymous/eqlog-steensgaard-analysis-benchmark/benchmarks/coreutils-8.24/df.bc>:filter_mount_list:52	</home/anonymous/eqlog-steensgaard-analysis-benchmark/benchmarks/coreutils-8.24/df.bc>:filter_mount_list:%buf
</home/anonymous/eqlog-steensgaard-analysis-benchmark/benchmarks/coreutils-8.24/df.bc>:filter_mount_list:59	</home/anonymous/eqlog-steensgaard-analysis-benchmark/benchmarks/coreutils-8.24/df.bc>:filter_mount_list:%13
</home/anonymous/eqlog-steensgaard-analysis-benchmark/benchmarks/coreutils-8.24/df.bc>:filter_mount_list:70	</home/anonymous/eqlog-steensgaard-analysis-benchmark/benchmarks/coreutils-8.24/df.bc>:filter_mount_list:%17
</home/anonymous/eqlog-steensgaard-analysis-benchmark/benchmarks/coreutils-8.24/df.bc>:filter_mount_list:78	</home/anonymous/eqlog-steensgaard-analysis-benchmark/benchmarks/coreutils-8.24/df.bc>:filter_mount_list:%18
</home/anonymous/eqlog-steensgaard-analysis-benchmark/benchmarks/coreutils-8.24/df.bc>:filter_mount_list:80	</home/anonymous/eqlog-steensgaard-analysis-benchmark/benchmarks/coreutils-8.24/df.bc>:filter_mount_list:%19
</home/anonymous/eqlog-steensgaard-analysis-benchmark/benchmarks/coreutils-8.24/df.bc>:filter_mount_list:88	</home/anonymous/eqlog-steensgaard-analysis-benchmark/benchmarks/coreutils-8.24/df.bc>:filter_mount_list:%20
</home/anonymous/eqlog-steensgaard-analysis-benchmark/benchmarks/coreutils-8.24/df.bc>:filter_mount_list:90	</home/anonymous/eqlog-steensgaard-analysis-benchmark/benchmarks/coreutils-8.24/df.bc>:filter_mount_list:%21
</home/anonymous/eqlog-steensgaard-analysis-benchmark/benchmarks/coreutils-8.24/df.bc>:filter_mount_list:93	</home/anonymous/eqlog-steensgaard-analysis-benchmark/benchmarks/coreutils-8.24/df.bc>:filter_mount_list:%23
</home/anonymous/eqlog-steensgaard-analysis-benchmark/benchmarks/coreutils-8.24/df.bc>:filter_mount_list:100	</home/anonymous/eqlog-steensgaard-analysis-benchmark/benchmarks/coreutils-8.24/df.bc>:filter_mount_list:%25
</home/anonymous/eqlog-steensgaard-analysis-benchmark/benchmarks/coreutils-8.24/df.bc>:filter_mount_list:106	</home/anonymous/eqlog-steensgaard-analysis-benchmark/benchmarks/coreutils-8.24/df.bc>:filter_mount_list:%27
</home/anonymous/eqlog-steensgaard-analysis-benchmark/benchmarks/coreutils-8.24/df.bc>:filter_mount_list:108	</home/anonymous/eqlog-steensgaard-analysis-benchmark/benchmarks/coreutils-8.24/df.bc>:filter_mount_list:%28
</home/anonymous/eqlog-steensgaard-analysis-benchmark/benchmarks/coreutils-8.24/df.bc>:filter_mount_list:114	</home/anonymous/eqlog-steensgaard-analysis-benchmark/benchmarks/coreutils-8.24/df.bc>:filter_mount_list:%30
</home/anonymous/eqlog-steensgaard-analysis-benchmark/benchmarks/coreutils-8.24/df.bc>:filter_mount_list:116	</home/anonymous/eqlog-steensgaard-analysis-benchmark/benchmarks/coreutils-8.24/df.bc>:filter_mount_list:%31
</home/anonymous/eqlog-steensgaard-analysis-benchmark/benchmarks/coreutils-8.24/df.bc>:filter_mount_list:120	</home/anonymous/eqlog-steensgaard-analysis-benchmark/benchmarks/coreutils-8.24/df.bc>:filter_mount_list:%33
</home/anonymous/eqlog-steensgaard-analysis-benchmark/benchmarks/coreutils-8.24/df.bc>:filter_mount_list:126	</home/anonymous/eqlog-steensgaard-analysis-benchmark/benchmarks/coreutils-8.24/df.bc>:filter_mount_list:%35
</home/anonymous/eqlog-steensgaard-analysis-benchmark/benchmarks/coreutils-8.24/df.bc>:filter_mount_list:128	</home/anonymous/eqlog-steensgaard-analysis-benchmark/benchmarks/coreutils-8.24/df.bc>:filter_mount_list:%36
</home/anonymous/eqlog-steensgaard-analysis-benchmark/benchmarks/coreutils-8.24/df.bc>:filter_mount_list:131	</home/anonymous/eqlog-steensgaard-analysis-benchmark/benchmarks/coreutils-8.24/df.bc>:filter_mount_list:%38
</home/anonymous/eqlog-steensgaard-analysis-benchmark/benchmarks/coreutils-8.24/df.bc>:filter_mount_list:137	</home/anonymous/eqlog-steensgaard-analysis-benchmark/benchmarks/coreutils-8.24/df.bc>:filter_mount_list:%40
</home/anonymous/eqlog-steensgaard-analysis-benchmark/benchmarks/coreutils-8.24/df.bc>:filter_mount_list:140	</home/anonymous/eqlog-steensgaard-analysis-benchmark/benchmarks/coreutils-8.24/df.bc>:filter_mount_list:%42
</home/anonymous/eqlog-steensgaard-analysis-benchmark/benchmarks/coreutils-8.24/df.bc>:filter_mount_list:142	</home/anonymous/eqlog-steensgaard-analysis-benchmark/benchmarks/coreutils-8.24/df.bc>:filter_mount_list:%43
</home/anonymous/eqlog-steensgaard-analysis-benchmark/benchmarks/coreutils-8.24/df.bc>:filter_mount_list:148	</home/anonymous/eqlog-steensgaard-analysis-benchmark/benchmarks/coreutils-8.24/df.bc>:filter_mount_list:%45
</home/anonymous/eqlog-steensgaard-analysis-benchmark/benchmarks/coreutils-8.24/df.bc>:filter_mount_list:153	</home/anonymous/eqlog-steensgaard-analysis-benchmark/benchmarks/coreutils-8.24/df.bc>:filter_mount_list:%48
</home/anonymous/eqlog-steensgaard-analysis-benchmark/benchmarks/coreutils-8.24/df.bc>:filter_mount_list:166	</home/anonymous/eqlog-steensgaard-analysis-benchmark/benchmarks/coreutils-8.24/df.bc>:filter_mount_list:%51
</home/anonymous/eqlog-steensgaard-analysis-benchmark/benchmarks/coreutils-8.24/df.bc>:filter_mount_list:181	</home/anonymous/eqlog-steensgaard-analysis-benchmark/benchmarks/coreutils-8.24/df.bc>:filter_mount_list:%57
</home/anonymous/eqlog-steensgaard-analysis-benchmark/benchmarks/coreutils-8.24/df.bc>:filter_mount_list:183	</home/anonymous/eqlog-steensgaard-analysis-benchmark/benchmarks/coreutils-8.24/df.bc>:filter_mount_list:%buf
</home/anonymous/eqlog-steensgaard-analysis-benchmark/benchmarks/coreutils-8.24/df.bc>:filter_mount_list:186	</home/anonymous/eqlog-steensgaard-analysis-benchmark/benchmarks/coreutils-8.24/df.bc>:filter_mount_list:%59
</home/anonymous/eqlog-steensgaard-analysis-benchmark/benchmarks/coreutils-8.24/df.bc>:filter_mount_list:190	</home/anonymous/eqlog-steensgaard-analysis-benchmark/benchmarks/coreutils-8.24/df.bc>:filter_mount_list:%61
</home/anonymous/eqlog-steensgaard-analysis-benchmark/benchmarks/coreutils-8.24/df.bc>:filter_mount_list:195	</home/anonymous/eqlog-steensgaard-analysis-benchmark/benchmarks/coreutils-8.24/df.bc>:filter_mount_list:%63
</home/anonymous/eqlog-steensgaard-analysis-benchmark/benchmarks/coreutils-8.24/df.bc>:filter_mount_list:209	</home/anonymous/eqlog-steensgaard-analysis-benchmark/benchmarks/coreutils-8.24/df.bc>:filter_mount_list:%67
</home/anonymous/eqlog-steensgaard-analysis-benchmark/benchmarks/coreutils-8.24/df.bc>:filter_mount_list:214	</home/anonymous/eqlog-steensgaard-analysis-benchmark/benchmarks/coreutils-8.24/df.bc>:filter_mount_list:%70
</home/anonymous/eqlog-steensgaard-analysis-benchmark/benchmarks/coreutils-8.24/df.bc>:filter_mount_list:220	</home/anonymous/eqlog-steensgaard-analysis-benchmark/benchmarks/coreutils-8.24/df.bc>:filter_mount_list:%72
</home/anonymous/eqlog-steensgaard-analysis-benchmark/benchmarks/coreutils-8.24/df.bc>:selected_fstype:22	</home/anonymous/eqlog-steensgaard-analysis-benchmark/benchmarks/coreutils-8.24/df.bc>:selected_fstype:%5
</home/anonymous/eqlog-steensgaard-analysis-benchmark/benchmarks/coreutils-8.24/df.bc>:selected_fstype:31	</home/anonymous/eqlog-steensgaard-analysis-benchmark/benchmarks/coreutils-8.24/df.bc>:selected_fstype:%7
</home/anonymous/eqlog-steensgaard-analysis-benchmark/benchmarks/coreutils-8.24/df.bc>:excluded_fstype:22	</home/anonymous/eqlog-steensgaard-analysis-benchmark/benchmarks/coreutils-8.24/df.bc>:excluded_fstype:%5
</home/anonymous/eqlog-steensgaard-analysis-benchmark/benchmarks/coreutils-8.24/df.bc>:excluded_fstype:31	</home/anonymous/eqlog-steensgaard-analysis-benchmark/benchmarks/coreutils-8.24/df.bc>:excluded_fstype:%7
</home/anonymous/eqlog-steensgaard-analysis-benchmark/benchmarks/coreutils-8.24/df.bc>:me_for_dev:13	</home/anonymous/eqlog-steensgaard-analysis-benchmark/benchmarks/coreutils-8.24/df.bc>:me_for_dev:%2
</home/anonymous/eqlog-steensgaard-analysis-benchmark/benchmarks/coreutils-8.24/df.bc>:me_for_dev:19	</home/anonymous/eqlog-steensgaard-analysis-benchmark/benchmarks/coreutils-8.24/df.bc>:me_for_dev:%5
</home/anonymous/eqlog-steensgaard-analysis-benchmark/benchmarks/coreutils-8.24/df.bc>:me_for_dev:24	</home/anonymous/eqlog-steensgaard-analysis-benchmark/benchmarks/coreutils-8.24/df.bc>:me_for_dev:%7
</home/anonymous/eqlog-steensgaard-analysis-benchmark/benchmarks/coreutils-8.24/df.bc>:has_uuid_suffix:13	</home/anonymous/eqlog-steensgaard-analysis-benchmark/benchmarks/coreutils-8.24/df.bc>:has_uuid_suffix:%2
</home/anonymous/eqlog-steensgaard-analysis-benchmark/benchmarks/coreutils-8.24/df.bc>:has_uuid_suffix:14	</home/anonymous/eqlog-steensgaard-analysis-benchmark/benchmarks/coreutils-8.24/df.bc>:has_uuid_suffix:%add.ptr
</home/anonymous/eqlog-steensgaard-analysis-benchmark/benchmarks/coreutils-8.24/df.bc>:get_field_values:10	</home/anonymous/eqlog-steensgaard-analysis-benchmark/benchmarks/coreutils-8.24/df.bc>:get_field_values:%0
</home/anonymous/eqlog-steensgaard-analysis-benchmark/benchmarks/coreutils-8.24/df.bc>:get_field_values:13	</home/anonymous/eqlog-steensgaard-analysis-benchmark/benchmarks/coreutils-8.24/df.bc>:get_field_values:%1
</home/anonymous/eqlog-steensgaard-analysis-benchmark/benchmarks/coreutils-8.24/df.bc>:get_field_values:16	</home/anonymous/eqlog-steensgaard-analysis-benchmark/benchmarks/coreutils-8.24/df.bc>:get_field_values:%2
</home/anonymous/eqlog-steensgaard-analysis-benchmark/benchmarks/coreutils-8.24/df.bc>:get_field_values:19	</home/anonymous/eqlog-steensgaard-analysis-benchmark/benchmarks/coreutils-8.24/df.bc>:get_field_values:%4
</home/anonymous/eqlog-steensgaard-analysis-benchmark/benchmarks/coreutils-8.24/df.bc>:get_field_values:22	</home/anonymous/eqlog-steensgaard-analysis-benchmark/benchmarks/coreutils-8.24/df.bc>:get_field_values:%5
</home/anonymous/eqlog-steensgaard-analysis-benchmark/benchmarks/coreutils-8.24/df.bc>:get_field_values:25	</home/anonymous/eqlog-steensgaard-analysis-benchmark/benchmarks/coreutils-8.24/df.bc>:get_field_values:%7
</home/anonymous/eqlog-steensgaard-analysis-benchmark/benchmarks/coreutils-8.24/df.bc>:get_field_values:28	</home/anonymous/eqlog-steensgaard-analysis-benchmark/benchmarks/coreutils-8.24/df.bc>:get_field_values:%8
</home/anonymous/eqlog-steensgaard-analysis-benchmark/benchmarks/coreutils-8.24/df.bc>:get_field_values:31	</home/anonymous/eqlog-steensgaard-analysis-benchmark/benchmarks/coreutils-8.24/df.bc>:get_field_values:%9
</home/anonymous/eqlog-steensgaard-analysis-benchmark/benchmarks/coreutils-8.24/df.bc>:get_field_values:34	</home/anonymous/eqlog-steensgaard-analysis-benchmark/benchmarks/coreutils-8.24/df.bc>:get_field_values:%10
</home/anonymous/eqlog-steensgaard-analysis-benchmark/benchmarks/coreutils-8.24/df.bc>:get_field_values:37	</home/anonymous/eqlog-steensgaard-analysis-benchmark/benchmarks/coreutils-8.24/df.bc>:get_field_values:%11
</home/anonymous/eqlog-steensgaard-analysis-benchmark/benchmarks/coreutils-8.24/df.bc>:get_field_values:40	</home/anonymous/eqlog-steensgaard-analysis-benchmark/benchmarks/coreutils-8.24/df.bc>:get_field_values:%12
</home/anonymous/eqlog-steensgaard-analysis-benchmark/benchmarks/coreutils-8.24/df.bc>:get_field_values:45	</home/anonymous/eqlog-steensgaard-analysis-benchmark/benchmarks/coreutils-8.24/df.bc>:get_field_values:%14
</home/anonymous/eqlog-steensgaard-analysis-benchmark/benchmarks/coreutils-8.24/df.bc>:get_field_values:50	</home/anonymous/eqlog-steensgaard-analysis-benchmark/benchmarks/coreutils-8.24/df.bc>:get_field_values:%16
</home/anonymous/eqlog-steensgaard-analysis-benchmark/benchmarks/coreutils-8.24/df.bc>:get_field_values:53	</home/anonymous/eqlog-steensgaard-analysis-benchmark/benchmarks/coreutils-8.24/df.bc>:get_field_values:%18
</home/anonymous/eqlog-steensgaard-analysis-benchmark/benchmarks/coreutils-8.24/df.bc>:get_field_values:57	</home/anonymous/eqlog-steensgaard-analysis-benchmark/benchmarks/coreutils-8.24/df.bc>:get_field_values:%20
</home/anonymous/eqlog-steensgaard-analysis-benchmark/benchmarks/coreutils-8.24/df.bc>:get_field_values:60	</home/anonymous/eqlog-steensgaard-analysis-benchmark/benchmarks/coreutils-8.24/df.bc>:get_field_values:%21
</home/anonymous/eqlog-steensgaard-analysis-benchmark/benchmarks/coreutils-8.24/df.bc>:get_field_values:63	</home/anonymous/eqlog-steensgaard-analysis-benchmark/benchmarks/coreutils-8.24/df.bc>:get_field_values:%23
</home/anonymous/eqlog-steensgaard-analysis-benchmark/benchmarks/coreutils-8.24/df.bc>:get_field_values:67	</home/anonymous/eqlog-steensgaard-analysis-benchmark/benchmarks/coreutils-8.24/df.bc>:get_field_values:%25
</home/anonymous/eqlog-steensgaard-analysis-benchmark/benchmarks/coreutils-8.24/df.bc>:get_field_values:72	</home/anonymous/eqlog-steensgaard-analysis-benchmark/benchmarks/coreutils-8.24/df.bc>:get_field_values:%26
</home/anonymous/eqlog-steensgaard-analysis-benchmark/benchmarks/coreutils-8.24/df.bc>:get_field_values:75	</home/anonymous/eqlog-steensgaard-analysis-benchmark/benchmarks/coreutils-8.24/df.bc>:get_field_values:%28
</home/anonymous/eqlog-steensgaard-analysis-benchmark/benchmarks/coreutils-8.24/df.bc>:get_field_values:79	</home/anonymous/eqlog-steensgaard-analysis-benchmark/benchmarks/coreutils-8.24/df.bc>:get_field_values:%30
</home/anonymous/eqlog-steensgaard-analysis-benchmark/benchmarks/coreutils-8.24/df.bc>:get_field_values:82	</home/anonymous/eqlog-steensgaard-analysis-benchmark/benchmarks/coreutils-8.24/df.bc>:get_field_values:%31
</home/anonymous/eqlog-steensgaard-analysis-benchmark/benchmarks/coreutils-8.24/df.bc>:get_field_values:85	</home/anonymous/eqlog-steensgaard-analysis-benchmark/benchmarks/coreutils-8.24/df.bc>:get_field_values:%33
</home/anonymous/eqlog-steensgaard-analysis-benchmark/benchmarks/coreutils-8.24/df.bc>:get_field_values:88	</home/anonymous/eqlog-steensgaard-analysis-benchmark/benchmarks/coreutils-8.24/df.bc>:get_field_values:%34
</home/anonymous/eqlog-steensgaard-analysis-benchmark/benchmarks/coreutils-8.24/df.bc>:get_field_values:91	</home/anonymous/eqlog-steensgaard-analysis-benchmark/benchmarks/coreutils-8.24/df.bc>:get_field_values:%36
</home/anonymous/eqlog-steensgaard-analysis-benchmark/benchmarks/coreutils-8.24/df.bc>:get_field_values:94	</home/anonymous/eqlog-steensgaard-analysis-benchmark/benchmarks/coreutils-8.24/df.bc>:get_field_values:%37
</home/anonymous/eqlog-steensgaard-analysis-benchmark/benchmarks/coreutils-8.24/df.bc>:get_field_values:97	</home/anonymous/eqlog-steensgaard-analysis-benchmark/benchmarks/coreutils-8.24/df.bc>:get_field_values:%39
</home/anonymous/eqlog-steensgaard-analysis-benchmark/benchmarks/coreutils-8.24/df.bc>:get_field_values:100	</home/anonymous/eqlog-steensgaard-analysis-benchmark/benchmarks/coreutils-8.24/df.bc>:get_field_values:%40
</home/anonymous/eqlog-steensgaard-analysis-benchmark/benchmarks/coreutils-8.24/df.bc>:get_field_values:105	</home/anonymous/eqlog-steensgaard-analysis-benchmark/benchmarks/coreutils-8.24/df.bc>:get_field_values:%42
</home/anonymous/eqlog-steensgaard-analysis-benchmark/benchmarks/coreutils-8.24/df.bc>:get_field_values:111	</home/anonymous/eqlog-steensgaard-analysis-benchmark/benchmarks/coreutils-8.24/df.bc>:get_field_values:%45
</home/anonymous/eqlog-steensgaard-analysis-benchmark/benchmarks/coreutils-8.24/df.bc>:get_field_values:115	</home/anonymous/eqlog-steensgaard-analysis-benchmark/benchmarks/coreutils-8.24/df.bc>:get_field_values:%46
</home/anonymous/eqlog-steensgaard-analysis-benchmark/benchmarks/coreutils-8.24/df.bc>:get_field_values:118	</home/anonymous/eqlog-steensgaard-analysis-benchmark/benchmarks/coreutils-8.24/df.bc>:get_field_values:%47
</home/anonymous/eqlog-steensgaard-analysis-benchmark/benchmarks/coreutils-8.24/df.bc>:get_field_values:121	</home/anonymous/eqlog-steensgaard-analysis-benchmark/benchmarks/coreutils-8.24/df.bc>:get_field_values:%48
</home/anonymous/eqlog-steensgaard-analysis-benchmark/benchmarks/coreutils-8.24/df.bc>:get_field_values:126	</home/anonymous/eqlog-steensgaard-analysis-benchmark/benchmarks/coreutils-8.24/df.bc>:get_field_values:%50
</home/anonymous/eqlog-steensgaard-analysis-benchmark/benchmarks/coreutils-8.24/df.bc>:get_field_values:131	</home/anonymous/eqlog-steensgaard-analysis-benchmark/benchmarks/coreutils-8.24/df.bc>:get_field_values:%52
</home/anonymous/eqlog-steensgaard-analysis-benchmark/benchmarks/coreutils-8.24/df.bc>:get_field_values:134	</home/anonymous/eqlog-steensgaard-analysis-benchmark/benchmarks/coreutils-8.24/df.bc>:get_field_values:%54
</home/anonymous/eqlog-steensgaard-analysis-benchmark/benchmarks/coreutils-8.24/df.bc>:get_field_values:138	</home/anonymous/eqlog-steensgaard-analysis-benchmark/benchmarks/coreutils-8.24/df.bc>:get_field_values:%56
</home/anonymous/eqlog-steensgaard-analysis-benchmark/benchmarks/coreutils-8.24/df.bc>:get_field_values:141	</home/anonymous/eqlog-steensgaard-analysis-benchmark/benchmarks/coreutils-8.24/df.bc>:get_field_values:%57
</home/anonymous/eqlog-steensgaard-analysis-benchmark/benchmarks/coreutils-8.24/df.bc>:get_field_values:144	</home/anonymous/eqlog-steensgaard-analysis-benchmark/benchmarks/coreutils-8.24/df.bc>:get_field_values:%59
</home/anonymous/eqlog-steensgaard-analysis-benchmark/benchmarks/coreutils-8.24/df.bc>:get_field_values:148	</home/anonymous/eqlog-steensgaard-analysis-benchmark/benchmarks/coreutils-8.24/df.bc>:get_field_values:%61
</home/anonymous/eqlog-steensgaard-analysis-benchmark/benchmarks/coreutils-8.24/df.bc>:add_to_grand_total:7	</home/anonymous/eqlog-steensgaard-analysis-benchmark/benchmarks/coreutils-8.24/df.bc>:add_to_grand_total:%0
</home/anonymous/eqlog-steensgaard-analysis-benchmark/benchmarks/coreutils-8.24/df.bc>:add_to_grand_total:12	</home/anonymous/eqlog-steensgaard-analysis-benchmark/benchmarks/coreutils-8.24/df.bc>:add_to_grand_total:%2
</home/anonymous/eqlog-steensgaard-analysis-benchmark/benchmarks/coreutils-8.24/df.bc>:add_to_grand_total:19	</home/anonymous/eqlog-steensgaard-analysis-benchmark/benchmarks/coreutils-8.24/df.bc>:add_to_grand_total:%5
</home/anonymous/eqlog-steensgaard-analysis-benchmark/benchmarks/coreutils-8.24/df.bc>:add_to_grand_total:24	</home/anonymous/eqlog-steensgaard-analysis-benchmark/benchmarks/coreutils-8.24/df.bc>:add_to_grand_total:%7
</home/anonymous/eqlog-steensgaard-analysis-benchmark/benchmarks/coreutils-8.24/df.bc>:add_to_grand_total:31	</home/anonymous/eqlog-steensgaard-analysis-benchmark/benchmarks/coreutils-8.24/df.bc>:add_to_grand_total:%10
</home/anonymous/eqlog-steensgaard-analysis-benchmark/benchmarks/coreutils-8.24/df.bc>:add_to_grand_total:36	</home/anonymous/eqlog-steensgaard-analysis-benchmark/benchmarks/coreutils-8.24/df.bc>:add_to_grand_total:%12
</home/anonymous/eqlog-steensgaard-analysis-benchmark/benchmarks/coreutils-8.24/df.bc>:add_to_grand_total:39	</home/anonymous/eqlog-steensgaard-analysis-benchmark/benchmarks/coreutils-8.24/df.bc>:add_to_grand_total:%14
</home/anonymous/eqlog-steensgaard-analysis-benchmark/benchmarks/coreutils-8.24/df.bc>:add_to_grand_total:47	</home/anonymous/eqlog-steensgaard-analysis-benchmark/benchmarks/coreutils-8.24/df.bc>:add_to_grand_total:%17
</home/anonymous/eqlog-steensgaard-analysis-benchmark/benchmarks/coreutils-8.24/df.bc>:add_to_grand_total:52	</home/anonymous/eqlog-steensgaard-analysis-benchmark/benchmarks/coreutils-8.24/df.bc>:add_to_grand_total:%19
</home/anonymous/eqlog-steensgaard-analysis-benchmark/benchmarks/coreutils-8.24/df.bc>:add_to_grand_total:55	</home/anonymous/eqlog-steensgaard-analysis-benchmark/benchmarks/coreutils-8.24/df.bc>:add_to_grand_total:%21
</home/anonymous/eqlog-steensgaard-analysis-benchmark/benchmarks/coreutils-8.24/df.bc>:add_to_grand_total:63	</home/anonymous/eqlog-steensgaard-analysis-benchmark/benchmarks/coreutils-8.24/df.bc>:add_to_grand_total:%24
</home/anonymous/eqlog-steensgaard-analysis-benchmark/benchmarks/coreutils-8.24/df.bc>:add_to_grand_total:68	</home/anonymous/eqlog-steensgaard-analysis-benchmark/benchmarks/coreutils-8.24/df.bc>:add_to_grand_total:%26
</home/anonymous/eqlog-steensgaard-analysis-benchmark/benchmarks/coreutils-8.24/df.bc>:add_to_grand_total:71	</home/anonymous/eqlog-steensgaard-analysis-benchmark/benchmarks/coreutils-8.24/df.bc>:add_to_grand_total:%28
</home/anonymous/eqlog-steensgaard-analysis-benchmark/benchmarks/coreutils-8.24/df.bc>:add_to_grand_total:75	</home/anonymous/eqlog-steensgaard-analysis-benchmark/benchmarks/coreutils-8.24/df.bc>:add_to_grand_total:%30
</home/anonymous/eqlog-steensgaard-analysis-benchmark/benchmarks/coreutils-8.24/df.bc>:df_readable:41	</home/anonymous/eqlog-steensgaard-analysis-benchmark/benchmarks/coreutils-8.24/df.bc>:df_readable:%5
</home/anonymous/eqlog-steensgaard-analysis-benchmark/benchmarks/coreutils-8.24/df.bc>:df_readable:51	</home/anonymous/eqlog-steensgaard-analysis-benchmark/benchmarks/coreutils-8.24/df.bc>:df_readable:%11
</home/anonymous/eqlog-steensgaard-analysis-benchmark/benchmarks/coreutils-8.24/df.bc>:find_mount_point:32	</home/anonymous/eqlog-steensgaard-analysis-benchmark/benchmarks/coreutils-8.24/df.bc>:find_mount_point:%1
</home/anonymous/eqlog-steensgaard-analysis-benchmark/benchmarks/coreutils-8.24/df.bc>:find_mount_point:116	</home/anonymous/eqlog-steensgaard-analysis-benchmark/benchmarks/coreutils-8.24/df.bc>:find_mount_point:%st
</home/anonymous/eqlog-steensgaard-analysis-benchmark/benchmarks/coreutils-8.24/df.bc>:find_mount_point:118	</home/anonymous/eqlog-steensgaard-analysis-benchmark/benchmarks/coreutils-8.24/df.bc>:find_mount_point:%last_stat
</home/anonymous/eqlog-steensgaard-analysis-benchmark/benchmarks/coreutils-8.24/df.bc>:find_mount_point:122	</home/anonymous/eqlog-steensgaard-analysis-benchmark/benchmarks/coreutils-8.24/df.bc>:find_mount_point:%st
</home/anonymous/eqlog-steensgaard-analysis-benchmark/benchmarks/coreutils-8.24/df.bc>:find_mount_point:124	</home/anonymous/eqlog-steensgaard-analysis-benchmark/benchmarks/coreutils-8.24/df.bc>:find_mount_point:%last_stat
</home/anonymous/eqlog-steensgaard-analysis-benchmark/benchmarks/coreutils-8.24/df.bc>:canonicalize_filename_mode:71	</home/anonymous/eqlog-steensgaard-analysis-benchmark/benchmarks/coreutils-8.24/df.bc>:canonicalize_filename_mode:%6
</home/anonymous/eqlog-steensgaard-analysis-benchmark/benchmarks/coreutils-8.24/df.bc>:canonicalize_filename_mode:82	</home/anonymous/eqlog-steensgaard-analysis-benchmark/benchmarks/coreutils-8.24/df.bc>:canonicalize_filename_mode:%8
</home/anonymous/eqlog-steensgaard-analysis-benchmark/benchmarks/coreutils-8.24/df.bc>:canonicalize_filename_mode:114	</home/anonymous/eqlog-steensgaard-analysis-benchmark/benchmarks/coreutils-8.24/df.bc>:canonicalize_filename_mode:%15
</home/anonymous/eqlog-steensgaard-analysis-benchmark/benchmarks/coreutils-8.24/df.bc>:canonicalize_filename_mode:119	</home/anonymous/eqlog-steensgaard-analysis-benchmark/benchmarks/coreutils-8.24/df.bc>:canonicalize_filename_mode:%19
</home/anonymous/eqlog-steensgaard-analysis-benchmark/benchmarks/coreutils-8.24/df.bc>:canonicalize_filename_mode:132	</home/anonymous/eqlog-steensgaard-analysis-benchmark/benchmarks/coreutils-8.24/df.bc>:canonicalize_filename_mode:%22
</home/anonymous/eqlog-steensgaard-analysis-benchmark/benchmarks/coreutils-8.24/df.bc>:canonicalize_filename_mode:145	</home/anonymous/eqlog-steensgaard-analysis-benchmark/benchmarks/coreutils-8.24/df.bc>:canonicalize_filename_mode:%29
</home/anonymous/eqlog-steensgaard-analysis-benchmark/benchmarks/coreutils-8.24/df.bc>:canonicalize_filename_mode:149	</home/anonymous/eqlog-steensgaard-analysis-benchmark/benchmarks/coreutils-8.24/df.bc>:canonicalize_filename_mode:%30
</home/anonymous/eqlog-steensgaard-analysis-benchmark/benchmarks/coreutils-8.24/df.bc>:canonicalize_filename_mode:154	</home/anonymous/eqlog-steensgaard-analysis-benchmark/benchmarks/coreutils-8.24/df.bc>:canonicalize_filename_mode:%31
</home/anonymous/eqlog-steensgaard-analysis-benchmark/benchmarks/coreutils-8.24/df.bc>:canonicalize_filename_mode:169	</home/anonymous/eqlog-steensgaard-analysis-benchmark/benchmarks/coreutils-8.24/df.bc>:canonicalize_filename_mode:%37
</home/anonymous/eqlog-steensgaard-analysis-benchmark/benchmarks/coreutils-8.24/df.bc>:canonicalize_filename_mode:190	</home/anonymous/eqlog-steensgaard-analysis-benchmark/benchmarks/coreutils-8.24/df.bc>:canonicalize_filename_mode:%44
</home/anonymous/eqlog-steensgaard-analysis-benchmark/benchmarks/coreutils-8.24/df.bc>:canonicalize_filename_mode:209	</home/anonymous/eqlog-steensgaard-analysis-benchmark/benchmarks/coreutils-8.24/df.bc>:canonicalize_filename_mode:%49
</home/anonymous/eqlog-steensgaard-analysis-benchmark/benchmarks/coreutils-8.24/df.bc>:canonicalize_filename_mode:223	</home/anonymous/eqlog-steensgaard-analysis-benchmark/benchmarks/coreutils-8.24/df.bc>:canonicalize_filename_mode:%53
</home/anonymous/eqlog-steensgaard-analysis-benchmark/benchmarks/coreutils-8.24/df.bc>:canonicalize_filename_mode:229	</home/anonymous/eqlog-steensgaard-analysis-benchmark/benchmarks/coreutils-8.24/df.bc>:canonicalize_filename_mode:%55
</home/anonymous/eqlog-steensgaard-analysis-benchmark/benchmarks/coreutils-8.24/df.bc>:canonicalize_filename_mode:237	</home/anonymous/eqlog-steensgaard-analysis-benchmark/benchmarks/coreutils-8.24/df.bc>:canonicalize_filename_mode:%58
</home/anonymous/eqlog-steensgaard-analysis-benchmark/benchmarks/coreutils-8.24/df.bc>:canonicalize_filename_mode:238	</home/anonymous/eqlog-steensgaard-analysis-benchmark/benchmarks/coreutils-8.24/df.bc>:canonicalize_filename_mode:%add.ptr88
</home/anonymous/eqlog-steensgaard-analysis-benchmark/benchmarks/coreutils-8.24/df.bc>:canonicalize_filename_mode:242	</home/anonymous/eqlog-steensgaard-analysis-benchmark/benchmarks/coreutils-8.24/df.bc>:canonicalize_filename_mode:%60
</home/anonymous/eqlog-steensgaard-analysis-benchmark/benchmarks/coreutils-8.24/df.bc>:canonicalize_filename_mode:250	</home/anonymous/eqlog-steensgaard-analysis-benchmark/benchmarks/coreutils-8.24/df.bc>:canonicalize_filename_mode:%63
</home/anonymous/eqlog-steensgaard-analysis-benchmark/benchmarks/coreutils-8.24/df.bc>:canonicalize_filename_mode:260	</home/anonymous/eqlog-steensgaard-analysis-benchmark/benchmarks/coreutils-8.24/df.bc>:canonicalize_filename_mode:%66
</home/anonymous/eqlog-steensgaard-analysis-benchmark/benchmarks/coreutils-8.24/df.bc>:canonicalize_filename_mode:267	</home/anonymous/eqlog-steensgaard-analysis-benchmark/benchmarks/coreutils-8.24/df.bc>:canonicalize_filename_mode:%67
</home/anonymous/eqlog-steensgaard-analysis-benchmark/benchmarks/coreutils-8.24/df.bc>:canonicalize_filename_mode:273	</home/anonymous/eqlog-steensgaard-analysis-benchmark/benchmarks/coreutils-8.24/df.bc>:canonicalize_filename_mode:%69
</home/anonymous/eqlog-steensgaard-analysis-benchmark/benchmarks/coreutils-8.24/df.bc>:canonicalize_filename_mode:283	</home/anonymous/eqlog-steensgaard-analysis-benchmark/benchmarks/coreutils-8.24/df.bc>:canonicalize_filename_mode:%70
</home/anonymous/eqlog-steensgaard-analysis-benchmark/benchmarks/coreutils-8.24/df.bc>:canonicalize_filename_mode:329	</home/anonymous/eqlog-steensgaard-analysis-benchmark/benchmarks/coreutils-8.24/df.bc>:canonicalize_filename_mode:%86
</home/anonymous/eqlog-steensgaard-analysis-benchmark/benchmarks/coreutils-8.24/df.bc>:canonicalize_filename_mode:333	</home/anonymous/eqlog-steensgaard-analysis-benchmark/benchmarks/coreutils-8.24/df.bc>:canonicalize_filename_mode:%88
</home/anonymous/eqlog-steensgaard-analysis-benchmark/benchmarks/coreutils-8.24/df.bc>:canonicalize_filename_mode:351	</home/anonymous/eqlog-steensgaard-analysis-benchmark/benchmarks/coreutils-8.24/df.bc>:canonicalize_filename_mode:%96
</home/anonymous/eqlog-steensgaard-analysis-benchmark/benchmarks/coreutils-8.24/df.bc>:canonicalize_filename_mode:361	</home/anonymous/eqlog-steensgaard-analysis-benchmark/benchmarks/coreutils-8.24/df.bc>:canonicalize_filename_mode:%st
</home/anonymous/eqlog-steensgaard-analysis-benchmark/benchmarks/coreutils-8.24/df.bc>:canonicalize_filename_mode:389	</home/anonymous/eqlog-steensgaard-analysis-benchmark/benchmarks/coreutils-8.24/df.bc>:canonicalize_filename_mode:%107
</home/anonymous/eqlog-steensgaard-analysis-benchmark/benchmarks/coreutils-8.24/df.bc>:canonicalize_filename_mode:399	</home/anonymous/eqlog-steensgaard-analysis-benchmark/benchmarks/coreutils-8.24/df.bc>:canonicalize_filename_mode:%st
</home/anonymous/eqlog-steensgaard-analysis-benchmark/benchmarks/coreutils-8.24/df.bc>:canonicalize_filename_mode:403	</home/anonymous/eqlog-steensgaard-analysis-benchmark/benchmarks/coreutils-8.24/df.bc>:canonicalize_filename_mode:%st
</home/anonymous/eqlog-steensgaard-analysis-benchmark/benchmarks/coreutils-8.24/df.bc>:canonicalize_filename_mode:421	</home/anonymous/eqlog-steensgaard-analysis-benchmark/benchmarks/coreutils-8.24/df.bc>:canonicalize_filename_mode:%st
</home/anonymous/eqlog-steensgaard-analysis-benchmark/benchmarks/coreutils-8.24/df.bc>:canonicalize_filename_mode:487	</home/anonymous/eqlog-steensgaard-analysis-benchmark/benchmarks/coreutils-8.24/df.bc>:canonicalize_filename_mode:%135
</home/anonymous/eqlog-steensgaard-analysis-benchmark/benchmarks/coreutils-8.24/df.bc>:canonicalize_filename_mode:499	</home/anonymous/eqlog-steensgaard-analysis-benchmark/benchmarks/coreutils-8.24/df.bc>:canonicalize_filename_mode:%141
</home/anonymous/eqlog-steensgaard-analysis-benchmark/benchmarks/coreutils-8.24/df.bc>:canonicalize_filename_mode:516	</home/anonymous/eqlog-steensgaard-analysis-benchmark/benchmarks/coreutils-8.24/df.bc>:canonicalize_filename_mode:%147
</home/anonymous/eqlog-steensgaard-analysis-benchmark/benchmarks/coreutils-8.24/df.bc>:canonicalize_filename_mode:519	</home/anonymous/eqlog-steensgaard-analysis-benchmark/benchmarks/coreutils-8.24/df.bc>:canonicalize_filename_mode:%149
</home/anonymous/eqlog-steensgaard-analysis-benchmark/benchmarks/coreutils-8.24/df.bc>:canonicalize_filename_mode:528	</home/anonymous/eqlog-steensgaard-analysis-benchmark/benchmarks/coreutils-8.24/df.bc>:canonicalize_filename_mode:%152
</home/anonymous/eqlog-steensgaard-analysis-benchmark/benchmarks/coreutils-8.24/df.bc>:canonicalize_filename_mode:529	</home/anonymous/eqlog-steensgaard-analysis-benchmark/benchmarks/coreutils-8.24/df.bc>:canonicalize_filename_mode:%add.ptr253
</home/anonymous/eqlog-steensgaard-analysis-benchmark/benchmarks/coreutils-8.24/df.bc>:canonicalize_filename_mode:533	</home/anonymous/eqlog-steensgaard-analysis-benchmark/benchmarks/coreutils-8.24/df.bc>:canonicalize_filename_mode:%154
</home/anonymous/eqlog-steensgaard-analysis-benchmark/benchmarks/coreutils-8.24/df.bc>:canonicalize_filename_mode:541	</home/anonymous/eqlog-steensgaard-analysis-benchmark/benchmarks/coreutils-8.24/df.bc>:canonicalize_filename_mode:%157
</home/anonymous/eqlog-steensgaard-analysis-benchmark/benchmarks/coreutils-8.24/df.bc>:canonicalize_filename_mode:551	</home/anonymous/eqlog-steensgaard-analysis-benchmark/benchmarks/coreutils-8.24/df.bc>:canonicalize_filename_mode:%160
</home/anonymous/eqlog-steensgaard-analysis-benchmark/benchmarks/coreutils-8.24/df.bc>:canonicalize_filename_mode:559	</home/anonymous/eqlog-steensgaard-analysis-benchmark/benchmarks/coreutils-8.24/df.bc>:canonicalize_filename_mode:%st
</home/anonymous/eqlog-steensgaard-analysis-benchmark/benchmarks/coreutils-8.24/df.bc>:canonicalize_filename_mode:585	</home/anonymous/eqlog-steensgaard-analysis-benchmark/benchmarks/coreutils-8.24/df.bc>:canonicalize_filename_mode:%168
</home/anonymous/eqlog-steensgaard-analysis-benchmark/benchmarks/coreutils-8.24/df.bc>:canonicalize_filename_mode:586	</home/anonymous/eqlog-steensgaard-analysis-benchmark/benchmarks/coreutils-8.24/df.bc>:canonicalize_filename_mode:%add.ptr294
</home/anonymous/eqlog-steensgaard-analysis-benchmark/benchmarks/coreutils-8.24/df.bc>:canonicalize_filename_mode:590	</home/anonymous/eqlog-steensgaard-analysis-benchmark/benchmarks/coreutils-8.24/df.bc>:canonicalize_filename_mode:%170
</home/anonymous/eqlog-steensgaard-analysis-benchmark/benchmarks/coreutils-8.24/df.bc>:canonicalize_filename_mode:596	</home/anonymous/eqlog-steensgaard-analysis-benchmark/benchmarks/coreutils-8.24/df.bc>:canonicalize_filename_mode:%172
</home/anonymous/eqlog-steensgaard-analysis-benchmark/benchmarks/coreutils-8.24/df.bc>:canonicalize_filename_mode:603	</home/anonymous/eqlog-steensgaard-analysis-benchmark/benchmarks/coreutils-8.24/df.bc>:canonicalize_filename_mode:%175
</home/anonymous/eqlog-steensgaard-analysis-benchmark/benchmarks/coreutils-8.24/df.bc>:dir_len:13	</home/anonymous/eqlog-steensgaard-analysis-benchmark/benchmarks/coreutils-8.24/df.bc>:dir_len:%1
</home/anonymous/eqlog-steensgaard-analysis-benchmark/benchmarks/coreutils-8.24/df.bc>:dir_len:39	</home/anonymous/eqlog-steensgaard-analysis-benchmark/benchmarks/coreutils-8.24/df.bc>:dir_len:%9
</home/anonymous/eqlog-steensgaard-analysis-benchmark/benchmarks/coreutils-8.24/df.bc>:mdir_name:44	</home/anonymous/eqlog-steensgaard-analysis-benchmark/benchmarks/coreutils-8.24/df.bc>:mdir_name:%11
</home/anonymous/eqlog-steensgaard-analysis-benchmark/benchmarks/coreutils-8.24/df.bc>:mdir_name:49	</home/anonymous/eqlog-steensgaard-analysis-benchmark/benchmarks/coreutils-8.24/df.bc>:mdir_name:%13
</home/anonymous/eqlog-steensgaard-analysis-benchmark/benchmarks/coreutils-8.24/df.bc>:last_component:8	</home/anonymous/eqlog-steensgaard-analysis-benchmark/benchmarks/coreutils-8.24/df.bc>:last_component:%0
</home/anonymous/eqlog-steensgaard-analysis-benchmark/benchmarks/coreutils-8.24/df.bc>:last_component:20	</home/anonymous/eqlog-steensgaard-analysis-benchmark/benchmarks/coreutils-8.24/df.bc>:last_component:%3
</home/anonymous/eqlog-steensgaard-analysis-benchmark/benchmarks/coreutils-8.24/df.bc>:last_component:47	</home/anonymous/eqlog-steensgaard-analysis-benchmark/benchmarks/coreutils-8.24/df.bc>:last_component:%11
</home/anonymous/eqlog-steensgaard-analysis-benchmark/benchmarks/coreutils-8.24/df.bc>:base_len:18	</home/anonymous/eqlog-steensgaard-analysis-benchmark/benchmarks/coreutils-8.24/df.bc>:base_len:%3
</home/anonymous/eqlog-steensgaard-analysis-benchmark/benchmarks/coreutils-8.24/df.bc>:record_file:22	</home/anonymous/eqlog-steensgaard-analysis-benchmark/benchmarks/coreutils-8.24/df.bc>:record_file:%3
</home/anonymous/eqlog-steensgaard-analysis-benchmark/benchmarks/coreutils-8.24/df.bc>:record_file:25	</home/anonymous/eqlog-steensgaard-analysis-benchmark/benchmarks/coreutils-8.24/df.bc>:record_file:%4
</home/anonymous/eqlog-steensgaard-analysis-benchmark/benchmarks/coreutils-8.24/df.bc>:record_file:28	</home/anonymous/eqlog-steensgaard-analysis-benchmark/benchmarks/coreutils-8.24/df.bc>:record_file:%6
</home/anonymous/eqlog-steensgaard-analysis-benchmark/benchmarks/coreutils-8.24/df.bc>:record_file:31	</home/anonymous/eqlog-steensgaard-analysis-benchmark/benchmarks/coreutils-8.24/df.bc>:record_file:%7
</home/anonymous/eqlog-steensgaard-analysis-benchmark/benchmarks/coreutils-8.24/df.bc>:record_file:34	</home/anonymous/eqlog-steensgaard-analysis-benchmark/benchmarks/coreutils-8.24/df.bc>:record_file:%9
</home/anonymous/eqlog-steensgaard-analysis-benchmark/benchmarks/coreutils-8.24/df.bc>:seen_file:18	</home/anonymous/eqlog-steensgaard-analysis-benchmark/benchmarks/coreutils-8.24/df.bc>:seen_file:%new_ent
</home/anonymous/eqlog-steensgaard-analysis-benchmark/benchmarks/coreutils-8.24/df.bc>:seen_file:21	</home/anonymous/eqlog-steensgaard-analysis-benchmark/benchmarks/coreutils-8.24/df.bc>:seen_file:%2
</home/anonymous/eqlog-steensgaard-analysis-benchmark/benchmarks/coreutils-8.24/df.bc>:seen_file:23	</home/anonymous/eqlog-steensgaard-analysis-benchmark/benchmarks/coreutils-8.24/df.bc>:seen_file:%new_ent
</home/anonymous/eqlog-steensgaard-analysis-benchmark/benchmarks/coreutils-8.24/df.bc>:seen_file:26	</home/anonymous/eqlog-steensgaard-analysis-benchmark/benchmarks/coreutils-8.24/df.bc>:seen_file:%4
</home/anonymous/eqlog-steensgaard-analysis-benchmark/benchmarks/coreutils-8.24/df.bc>:seen_file:28	</home/anonymous/eqlog-steensgaard-analysis-benchmark/benchmarks/coreutils-8.24/df.bc>:seen_file:%new_ent
</home/anonymous/eqlog-steensgaard-analysis-benchmark/benchmarks/coreutils-8.24/df.bc>:hash_get_n_buckets:4	</home/anonymous/eqlog-steensgaard-analysis-benchmark/benchmarks/coreutils-8.24/df.bc>:hash_get_n_buckets:%0
</home/anonymous/eqlog-steensgaard-analysis-benchmark/benchmarks/coreutils-8.24/df.bc>:hash_get_n_buckets_used:4	</home/anonymous/eqlog-steensgaard-analysis-benchmark/benchmarks/coreutils-8.24/df.bc>:hash_get_n_buckets_used:%0
</home/anonymous/eqlog-steensgaard-analysis-benchmark/benchmarks/coreutils-8.24/df.bc>:hash_get_n_entries:4	</home/anonymous/eqlog-steensgaard-analysis-benchmark/benchmarks/coreutils-8.24/df.bc>:hash_get_n_entries:%0
</home/anonymous/eqlog-steensgaard-analysis-benchmark/benchmarks/coreutils-8.24/df.bc>:hash_get_max_bucket_length:11	</home/anonymous/eqlog-steensgaard-analysis-benchmark/benchmarks/coreutils-8.24/df.bc>:hash_get_max_bucket_length:%0
</home/anonymous/eqlog-steensgaard-analysis-benchmark/benchmarks/coreutils-8.24/df.bc>:hash_get_max_bucket_length:17	</home/anonymous/eqlog-steensgaard-analysis-benchmark/benchmarks/coreutils-8.24/df.bc>:hash_get_max_bucket_length:%3
</home/anonymous/eqlog-steensgaard-analysis-benchmark/benchmarks/coreutils-8.24/df.bc>:hash_get_max_bucket_length:22	</home/anonymous/eqlog-steensgaard-analysis-benchmark/benchmarks/coreutils-8.24/df.bc>:hash_get_max_bucket_length:%5
</home/anonymous/eqlog-steensgaard-analysis-benchmark/benchmarks/coreutils-8.24/df.bc>:hash_get_max_bucket_length:33	</home/anonymous/eqlog-steensgaard-analysis-benchmark/benchmarks/coreutils-8.24/df.bc>:hash_get_max_bucket_length:%8
</home/anonymous/eqlog-steensgaard-analysis-benchmark/benchmarks/coreutils-8.24/df.bc>:hash_get_max_bucket_length:53	</home/anonymous/eqlog-steensgaard-analysis-benchmark/benchmarks/coreutils-8.24/df.bc>:hash_get_max_bucket_length:%15
</home/anonymous/eqlog-steensgaard-analysis-benchmark/benchmarks/coreutils-8.24/df.bc>:hash_table_ok:14	</home/anonymous/eqlog-steensgaard-analysis-benchmark/benchmarks/coreutils-8.24/df.bc>:hash_table_ok:%0
</home/anonymous/eqlog-steensgaard-analysis-benchmark/benchmarks/coreutils-8.24/df.bc>:hash_table_ok:20	</home/anonymous/eqlog-steensgaard-analysis-benchmark/benchmarks/coreutils-8.24/df.bc>:hash_table_ok:%3
</home/anonymous/eqlog-steensgaard-analysis-benchmark/benchmarks/coreutils-8.24/df.bc>:hash_table_ok:25	</home/anonymous/eqlog-steensgaard-analysis-benchmark/benchmarks/coreutils-8.24/df.bc>:hash_table_ok:%5
</home/anonymous/eqlog-steensgaard-analysis-benchmark/benchmarks/coreutils-8.24/df.bc>:hash_table_ok:40	</home/anonymous/eqlog-steensgaard-analysis-benchmark/benchmarks/coreutils-8.24/df.bc>:hash_table_ok:%10
</home/anonymous/eqlog-steensgaard-analysis-benchmark/benchmarks/coreutils-8.24/df.bc>:hash_table_ok:53	</home/anonymous/eqlog-steensgaard-analysis-benchmark/benchmarks/coreutils-8.24/df.bc>:hash_table_ok:%14
</home/anonymous/eqlog-steensgaard-analysis-benchmark/benchmarks/coreutils-8.24/df.bc>:hash_table_ok:58	</home/anonymous/eqlog-steensgaard-analysis-benchmark/benchmarks/coreutils-8.24/df.bc>:hash_table_ok:%16
</home/anonymous/eqlog-steensgaard-analysis-benchmark/benchmarks/coreutils-8.24/df.bc>:hash_table_ok:64	</home/anonymous/eqlog-steensgaard-analysis-benchmark/benchmarks/coreutils-8.24/df.bc>:hash_table_ok:%19
</home/anonymous/eqlog-steensgaard-analysis-benchmark/benchmarks/coreutils-8.24/df.bc>:hash_lookup:16	</home/anonymous/eqlog-steensgaard-analysis-benchmark/benchmarks/coreutils-8.24/df.bc>:hash_lookup:%2
</home/anonymous/eqlog-steensgaard-analysis-benchmark/benchmarks/coreutils-8.24/df.bc>:hash_lookup:30	</home/anonymous/eqlog-steensgaard-analysis-benchmark/benchmarks/coreutils-8.24/df.bc>:hash_lookup:%7
</home/anonymous/eqlog-steensgaard-analysis-benchmark/benchmarks/coreutils-8.24/df.bc>:hash_lookup:35	</home/anonymous/eqlog-steensgaard-analysis-benchmark/benchmarks/coreutils-8.24/df.bc>:hash_lookup:%9
</home/anonymous/eqlog-steensgaard-analysis-benchmark/benchmarks/coreutils-8.24/df.bc>:hash_lookup:39	</home/anonymous/eqlog-steensgaard-analysis-benchmark/benchmarks/coreutils-8.24/df.bc>:hash_lookup:%12
</home/anonymous/eqlog-steensgaard-analysis-benchmark/benchmarks/coreutils-8.24/df.bc>:hash_lookup:44	</home/anonymous/eqlog-steensgaard-analysis-benchmark/benchmarks/coreutils-8.24/df.bc>:hash_lookup:%14
</home/anonymous/eqlog-steensgaard-analysis-benchmark/benchmarks/coreutils-8.24/df.bc>:hash_lookup:50	</home/anonymous/eqlog-steensgaard-analysis-benchmark/benchmarks/coreutils-8.24/df.bc>:hash_lookup:%16
</home/anonymous/eqlog-steensgaard-analysis-benchmark/benchmarks/coreutils-8.24/df.bc>:hash_get_first:7	</home/anonymous/eqlog-steensgaard-analysis-benchmark/benchmarks/coreutils-8.24/df.bc>:hash_get_first:%0
</home/anonymous/eqlog-steensgaard-analysis-benchmark/benchmarks/coreutils-8.24/df.bc>:hash_get_first:14	</home/anonymous/eqlog-steensgaard-analysis-benchmark/benchmarks/coreutils-8.24/df.bc>:hash_get_first:%2
</home/anonymous/eqlog-steensgaard-analysis-benchmark/benchmarks/coreutils-8.24/df.bc>:hash_get_first:20	</home/anonymous/eqlog-steensgaard-analysis-benchmark/benchmarks/coreutils-8.24/df.bc>:hash_get_first:%5
</home/anonymous/eqlog-steensgaard-analysis-benchmark/benchmarks/coreutils-8.24/df.bc>:hash_get_first:27	</home/anonymous/eqlog-steensgaard-analysis-benchmark/benchmarks/coreutils-8.24/df.bc>:hash_get_first:%7
</home/anonymous/eqlog-steensgaard-analysis-benchmark/benchmarks/coreutils-8.24/df.bc>:hash_get_first:32	</home/anonymous/eqlog-steensgaard-analysis-benchmark/benchmarks/coreutils-8.24/df.bc>:hash_get_first:%9
</home/anonymous/eqlog-steensgaard-analysis-benchmark/benchmarks/coreutils-8.24/df.bc>:hash_get_first:39	</home/anonymous/eqlog-steensgaard-analysis-benchmark/benchmarks/coreutils-8.24/df.bc>:hash_get_first:%11
</home/anonymous/eqlog-steensgaard-analysis-benchmark/benchmarks/coreutils-8.24/df.bc>:hash_get_next:19	</home/anonymous/eqlog-steensgaard-analysis-benchmark/benchmarks/coreutils-8.24/df.bc>:hash_get_next:%3
</home/anonymous/eqlog-steensgaard-analysis-benchmark/benchmarks/coreutils-8.24/df.bc>:hash_get_next:25	</home/anonymous/eqlog-steensgaard-analysis-benchmark/benchmarks/coreutils-8.24/df.bc>:hash_get_next:%6
</home/anonymous/eqlog-steensgaard-analysis-benchmark/benchmarks/coreutils-8.24/df.bc>:hash_get_next:30	</home/anonymous/eqlog-steensgaard-analysis-benchmark/benchmarks/coreutils-8.24/df.bc>:hash_get_next:%8
</home/anonymous/eqlog-steensgaard-analysis-benchmark/benchmarks/coreutils-8.24/df.bc>:hash_get_next:32	</home/anonymous/eqlog-steensgaard-analysis-benchmark/benchmarks/coreutils-8.24/df.bc>:hash_get_next:%9
</home/anonymous/eqlog-steensgaard-analysis-benchmark/benchmarks/coreutils-8.24/df.bc>:hash_get_next:37	</home/anonymous/eqlog-steensgaard-analysis-benchmark/benchmarks/coreutils-8.24/df.bc>:hash_get_next:%11
</home/anonymous/eqlog-steensgaard-analysis-benchmark/benchmarks/coreutils-8.24/df.bc>:hash_get_next:46	</home/anonymous/eqlog-steensgaard-analysis-benchmark/benchmarks/coreutils-8.24/df.bc>:hash_get_next:%14
</home/anonymous/eqlog-steensgaard-analysis-benchmark/benchmarks/coreutils-8.24/df.bc>:hash_get_next:49	</home/anonymous/eqlog-steensgaard-analysis-benchmark/benchmarks/coreutils-8.24/df.bc>:hash_get_next:%15
</home/anonymous/eqlog-steensgaard-analysis-benchmark/benchmarks/coreutils-8.24/df.bc>:hash_get_next:54	</home/anonymous/eqlog-steensgaard-analysis-benchmark/benchmarks/coreutils-8.24/df.bc>:hash_get_next:%17
</home/anonymous/eqlog-steensgaard-analysis-benchmark/benchmarks/coreutils-8.24/df.bc>:hash_get_next:59	</home/anonymous/eqlog-steensgaard-analysis-benchmark/benchmarks/coreutils-8.24/df.bc>:hash_get_next:%19
</home/anonymous/eqlog-steensgaard-analysis-benchmark/benchmarks/coreutils-8.24/df.bc>:hash_get_entries:18	</home/anonymous/eqlog-steensgaard-analysis-benchmark/benchmarks/coreutils-8.24/df.bc>:hash_get_entries:%0
</home/anonymous/eqlog-steensgaard-analysis-benchmark/benchmarks/coreutils-8.24/df.bc>:hash_get_entries:24	</home/anonymous/eqlog-steensgaard-analysis-benchmark/benchmarks/coreutils-8.24/df.bc>:hash_get_entries:%3
</home/anonymous/eqlog-steensgaard-analysis-benchmark/benchmarks/coreutils-8.24/df.bc>:hash_get_entries:29	</home/anonymous/eqlog-steensgaard-analysis-benchmark/benchmarks/coreutils-8.24/df.bc>:hash_get_entries:%5
</home/anonymous/eqlog-steensgaard-analysis-benchmark/benchmarks/coreutils-8.24/df.bc>:hash_get_entries:47	</home/anonymous/eqlog-steensgaard-analysis-benchmark/benchmarks/coreutils-8.24/df.bc>:hash_get_entries:%12
</home/anonymous/eqlog-steensgaard-analysis-benchmark/benchmarks/coreutils-8.24/df.bc>:hash_get_entries:53	</home/anonymous/eqlog-steensgaard-analysis-benchmark/benchmarks/coreutils-8.24/df.bc>:hash_get_entries:%15
</home/anonymous/eqlog-steensgaard-analysis-benchmark/benchmarks/coreutils-8.24/df.bc>:hash_get_entries:57	</home/anonymous/eqlog-steensgaard-analysis-benchmark/benchmarks/coreutils-8.24/df.bc>:hash_get_entries:%16
</home/anonymous/eqlog-steensgaard-analysis-benchmark/benchmarks/coreutils-8.24/df.bc>:hash_get_entries:64	</home/anonymous/eqlog-steensgaard-analysis-benchmark/benchmarks/coreutils-8.24/df.bc>:hash_get_entries:%18
</home/anonymous/eqlog-steensgaard-analysis-benchmark/benchmarks/coreutils-8.24/df.bc>:hash_do_for_each:18	</home/anonymous/eqlog-steensgaard-analysis-benchmark/benchmarks/coreutils-8.24/df.bc>:hash_do_for_each:%0
</home/anonymous/eqlog-steensgaard-analysis-benchmark/benchmarks/coreutils-8.24/df.bc>:hash_do_for_each:24	</home/anonymous/eqlog-steensgaard-analysis-benchmark/benchmarks/coreutils-8.24/df.bc>:hash_do_for_each:%3
</home/anonymous/eqlog-steensgaard-analysis-benchmark/benchmarks/coreutils-8.24/df.bc>:hash_do_for_each:29	</home/anonymous/eqlog-steensgaard-analysis-benchmark/benchmarks/coreutils-8.24/df.bc>:hash_do_for_each:%5
</home/anonymous/eqlog-steensgaard-analysis-benchmark/benchmarks/coreutils-8.24/df.bc>:hash_do_for_each:41	</home/anonymous/eqlog-steensgaard-analysis-benchmark/benchmarks/coreutils-8.24/df.bc>:hash_do_for_each:%10
</home/anonymous/eqlog-steensgaard-analysis-benchmark/benchmarks/coreutils-8.24/df.bc>:hash_do_for_each:54	</home/anonymous/eqlog-steensgaard-analysis-benchmark/benchmarks/coreutils-8.24/df.bc>:hash_do_for_each:%15
</home/anonymous/eqlog-steensgaard-analysis-benchmark/benchmarks/coreutils-8.24/df.bc>:hash_do_for_each:61	</home/anonymous/eqlog-steensgaard-analysis-benchmark/benchmarks/coreutils-8.24/df.bc>:hash_do_for_each:%17
</home/anonymous/eqlog-steensgaard-analysis-benchmark/benchmarks/coreutils-8.24/df.bc>:hash_string:27	</home/anonymous/eqlog-steensgaard-analysis-benchmark/benchmarks/coreutils-8.24/df.bc>:hash_string:%5
</home/anonymous/eqlog-steensgaard-analysis-benchmark/benchmarks/coreutils-8.24/df.bc>:hash_initialize:43	</home/anonymous/eqlog-steensgaard-analysis-benchmark/benchmarks/coreutils-8.24/df.bc>:hash_initialize:%6
</home/anonymous/eqlog-steensgaard-analysis-benchmark/benchmarks/coreutils-8.24/df.bc>:hash_initialize:53	</home/anonymous/eqlog-steensgaard-analysis-benchmark/benchmarks/coreutils-8.24/df.bc>:hash_initialize:%10
</home/anonymous/eqlog-steensgaard-analysis-benchmark/benchmarks/coreutils-8.24/df.bc>:hash_initialize:56	</home/anonymous/eqlog-steensgaard-analysis-benchmark/benchmarks/coreutils-8.24/df.bc>:hash_initialize:%11
</home/anonymous/eqlog-steensgaard-analysis-benchmark/benchmarks/coreutils-8.24/df.bc>:hash_initialize:62	</home/anonymous/eqlog-steensgaard-analysis-benchmark/benchmarks/coreutils-8.24/df.bc>:hash_initialize:%13
</home/anonymous/eqlog-steensgaard-analysis-benchmark/benchmarks/coreutils-8.24/df.bc>:hash_initialize:67	</home/anonymous/eqlog-steensgaard-analysis-benchmark/benchmarks/coreutils-8.24/df.bc>:hash_initialize:%16
</home/anonymous/eqlog-steensgaard-analysis-benchmark/benchmarks/coreutils-8.24/df.bc>:hash_initialize:70	</home/anonymous/eqlog-steensgaard-analysis-benchmark/benchmarks/coreutils-8.24/df.bc>:hash_initialize:%17
</home/anonymous/eqlog-steensgaard-analysis-benchmark/benchmarks/coreutils-8.24/df.bc>:hash_initialize:76	</home/anonymous/eqlog-steensgaard-analysis-benchmark/benchmarks/coreutils-8.24/df.bc>:hash_initialize:%19
</home/anonymous/eqlog-steensgaard-analysis-benchmark/benchmarks/coreutils-8.24/df.bc>:hash_initialize:79	</home/anonymous/eqlog-steensgaard-analysis-benchmark/benchmarks/coreutils-8.24/df.bc>:hash_initialize:%21
</home/anonymous/eqlog-steensgaard-analysis-benchmark/benchmarks/coreutils-8.24/df.bc>:hash_initialize:81	</home/anonymous/eqlog-steensgaard-analysis-benchmark/benchmarks/coreutils-8.24/df.bc>:hash_initialize:%20
</home/anonymous/eqlog-steensgaard-analysis-benchmark/benchmarks/coreutils-8.24/df.bc>:hash_initialize:83	</home/anonymous/eqlog-steensgaard-analysis-benchmark/benchmarks/coreutils-8.24/df.bc>:hash_initialize:%23
</home/anonymous/eqlog-steensgaard-analysis-benchmark/benchmarks/coreutils-8.24/df.bc>:hash_initialize:86	</home/anonymous/eqlog-steensgaard-analysis-benchmark/benchmarks/coreutils-8.24/df.bc>:hash_initialize:%24
</home/anonymous/eqlog-steensgaard-analysis-benchmark/benchmarks/coreutils-8.24/df.bc>:hash_initialize:89	</home/anonymous/eqlog-steensgaard-analysis-benchmark/benchmarks/coreutils-8.24/df.bc>:hash_initialize:%25
</home/anonymous/eqlog-steensgaard-analysis-benchmark/benchmarks/coreutils-8.24/df.bc>:hash_initialize:93	</home/anonymous/eqlog-steensgaard-analysis-benchmark/benchmarks/coreutils-8.24/df.bc>:hash_initialize:%27
</home/anonymous/eqlog-steensgaard-analysis-benchmark/benchmarks/coreutils-8.24/df.bc>:hash_initialize:97	</home/anonymous/eqlog-steensgaard-analysis-benchmark/benchmarks/coreutils-8.24/df.bc>:hash_initialize:%29
</home/anonymous/eqlog-steensgaard-analysis-benchmark/benchmarks/coreutils-8.24/df.bc>:hash_initialize:101	</home/anonymous/eqlog-steensgaard-analysis-benchmark/benchmarks/coreutils-8.24/df.bc>:hash_initialize:%31
</home/anonymous/eqlog-steensgaard-analysis-benchmark/benchmarks/coreutils-8.24/df.bc>:hash_initialize:104	</home/anonymous/eqlog-steensgaard-analysis-benchmark/benchmarks/coreutils-8.24/df.bc>:hash_initialize:%32
</home/anonymous/eqlog-steensgaard-analysis-benchmark/benchmarks/coreutils-8.24/df.bc>:hash_clear:8	</home/anonymous/eqlog-steensgaard-analysis-benchmark/benchmarks/coreutils-8.24/df.bc>:hash_clear:%0
</home/anonymous/eqlog-steensgaard-analysis-benchmark/benchmarks/coreutils-8.24/df.bc>:hash_clear:14	</home/anonymous/eqlog-steensgaard-analysis-benchmark/benchmarks/coreutils-8.24/df.bc>:hash_clear:%3
</home/anonymous/eqlog-steensgaard-analysis-benchmark/benchmarks/coreutils-8.24/df.bc>:hash_clear:19	</home/anonymous/eqlog-steensgaard-analysis-benchmark/benchmarks/coreutils-8.24/df.bc>:hash_clear:%5
</home/anonymous/eqlog-steensgaard-analysis-benchmark/benchmarks/coreutils-8.24/df.bc>:hash_clear:26	</home/anonymous/eqlog-steensgaard-analysis-benchmark/benchmarks/coreutils-8.24/df.bc>:hash_clear:%7
</home/anonymous/eqlog-steensgaard-analysis-benchmark/benchmarks/coreutils-8.24/df.bc>:hash_clear:34	</home/anonymous/eqlog-steensgaard-analysis-benchmark/benchmarks/coreutils-8.24/df.bc>:hash_clear:%10
</home/anonymous/eqlog-steensgaard-analysis-benchmark/benchmarks/coreutils-8.24/df.bc>:hash_clear:39	</home/anonymous/eqlog-steensgaard-analysis-benchmark/benchmarks/coreutils-8.24/df.bc>:hash_clear:%12
</home/anonymous/eqlog-steensgaard-analysis-benchmark/benchmarks/coreutils-8.24/df.bc>:hash_clear:42	</home/anonymous/eqlog-steensgaard-analysis-benchmark/benchmarks/coreutils-8.24/df.bc>:hash_clear:%14
</home/anonymous/eqlog-steensgaard-analysis-benchmark/benchmarks/coreutils-8.24/df.bc>:hash_clear:47	</home/anonymous/eqlog-steensgaard-analysis-benchmark/benchmarks/coreutils-8.24/df.bc>:hash_clear:%16
</home/anonymous/eqlog-steensgaard-analysis-benchmark/benchmarks/coreutils-8.24/df.bc>:hash_clear:50	</home/anonymous/eqlog-steensgaard-analysis-benchmark/benchmarks/coreutils-8.24/df.bc>:hash_clear:%17
</home/anonymous/eqlog-steensgaard-analysis-benchmark/benchmarks/coreutils-8.24/df.bc>:hash_clear:54	</home/anonymous/eqlog-steensgaard-analysis-benchmark/benchmarks/coreutils-8.24/df.bc>:hash_clear:%19
</home/anonymous/eqlog-steensgaard-analysis-benchmark/benchmarks/coreutils-8.24/df.bc>:hash_clear:57	</home/anonymous/eqlog-steensgaard-analysis-benchmark/benchmarks/coreutils-8.24/df.bc>:hash_clear:%21
</home/anonymous/eqlog-steensgaard-analysis-benchmark/benchmarks/coreutils-8.24/df.bc>:hash_clear:61	</home/anonymous/eqlog-steensgaard-analysis-benchmark/benchmarks/coreutils-8.24/df.bc>:hash_clear:%23
</home/anonymous/eqlog-steensgaard-analysis-benchmark/benchmarks/coreutils-8.24/df.bc>:hash_clear:68	</home/anonymous/eqlog-steensgaard-analysis-benchmark/benchmarks/coreutils-8.24/df.bc>:hash_clear:%25
</home/anonymous/eqlog-steensgaard-analysis-benchmark/benchmarks/coreutils-8.24/df.bc>:hash_clear:73	</home/anonymous/eqlog-steensgaard-analysis-benchmark/benchmarks/coreutils-8.24/df.bc>:hash_clear:%27
</home/anonymous/eqlog-steensgaard-analysis-benchmark/benchmarks/coreutils-8.24/df.bc>:hash_clear:76	</home/anonymous/eqlog-steensgaard-analysis-benchmark/benchmarks/coreutils-8.24/df.bc>:hash_clear:%29
</home/anonymous/eqlog-steensgaard-analysis-benchmark/benchmarks/coreutils-8.24/df.bc>:hash_clear:81	</home/anonymous/eqlog-steensgaard-analysis-benchmark/benchmarks/coreutils-8.24/df.bc>:hash_clear:%31
</home/anonymous/eqlog-steensgaard-analysis-benchmark/benchmarks/coreutils-8.24/df.bc>:hash_clear:84	</home/anonymous/eqlog-steensgaard-analysis-benchmark/benchmarks/coreutils-8.24/df.bc>:hash_clear:%32
</home/anonymous/eqlog-steensgaard-analysis-benchmark/benchmarks/coreutils-8.24/df.bc>:hash_clear:89	</home/anonymous/eqlog-steensgaard-analysis-benchmark/benchmarks/coreutils-8.24/df.bc>:hash_clear:%33
</home/anonymous/eqlog-steensgaard-analysis-benchmark/benchmarks/coreutils-8.24/df.bc>:hash_clear:93	</home/anonymous/eqlog-steensgaard-analysis-benchmark/benchmarks/coreutils-8.24/df.bc>:hash_clear:%34
</home/anonymous/eqlog-steensgaard-analysis-benchmark/benchmarks/coreutils-8.24/df.bc>:hash_clear:96	</home/anonymous/eqlog-steensgaard-analysis-benchmark/benchmarks/coreutils-8.24/df.bc>:hash_clear:%35
</home/anonymous/eqlog-steensgaard-analysis-benchmark/benchmarks/coreutils-8.24/df.bc>:hash_free:10	</home/anonymous/eqlog-steensgaard-analysis-benchmark/benchmarks/coreutils-8.24/df.bc>:hash_free:%0
</home/anonymous/eqlog-steensgaard-analysis-benchmark/benchmarks/coreutils-8.24/df.bc>:hash_free:15	</home/anonymous/eqlog-steensgaard-analysis-benchmark/benchmarks/coreutils-8.24/df.bc>:hash_free:%2
</home/anonymous/eqlog-steensgaard-analysis-benchmark/benchmarks/coreutils-8.24/df.bc>:hash_free:20	</home/anonymous/eqlog-steensgaard-analysis-benchmark/benchmarks/coreutils-8.24/df.bc>:hash_free:%4
</home/anonymous/eqlog-steensgaard-analysis-benchmark/benchmarks/coreutils-8.24/df.bc>:hash_free:26	</home/anonymous/eqlog-steensgaard-analysis-benchmark/benchmarks/coreutils-8.24/df.bc>:hash_free:%7
</home/anonymous/eqlog-steensgaard-analysis-benchmark/benchmarks/coreutils-8.24/df.bc>:hash_free:31	</home/anonymous/eqlog-steensgaard-analysis-benchmark/benchmarks/coreutils-8.24/df.bc>:hash_free:%9
</home/anonymous/eqlog-steensgaard-analysis-benchmark/benchmarks/coreutils-8.24/df.bc>:hash_free:42	</home/anonymous/eqlog-steensgaard-analysis-benchmark/benchmarks/coreutils-8.24/df.bc>:hash_free:%13
</home/anonymous/eqlog-steensgaard-analysis-benchmark/benchmarks/coreutils-8.24/df.bc>:hash_free:45	</home/anonymous/eqlog-steensgaard-analysis-benchmark/benchmarks/coreutils-8.24/df.bc>:hash_free:%15
</home/anonymous/eqlog-steensgaard-analysis-benchmark/benchmarks/coreutils-8.24/df.bc>:hash_free:50	</home/anonymous/eqlog-steensgaard-analysis-benchmark/benchmarks/coreutils-8.24/df.bc>:hash_free:%17
</home/anonymous/eqlog-steensgaard-analysis-benchmark/benchmarks/coreutils-8.24/df.bc>:hash_free:57	</home/anonymous/eqlog-steensgaard-analysis-benchmark/benchmarks/coreutils-8.24/df.bc>:hash_free:%19
</home/anonymous/eqlog-steensgaard-analysis-benchmark/benchmarks/coreutils-8.24/df.bc>:hash_free:62	</home/anonymous/eqlog-steensgaard-analysis-benchmark/benchmarks/coreutils-8.24/df.bc>:hash_free:%20
</home/anonymous/eqlog-steensgaard-analysis-benchmark/benchmarks/coreutils-8.24/df.bc>:hash_free:68	</home/anonymous/eqlog-steensgaard-analysis-benchmark/benchmarks/coreutils-8.24/df.bc>:hash_free:%23
</home/anonymous/eqlog-steensgaard-analysis-benchmark/benchmarks/coreutils-8.24/df.bc>:hash_free:73	</home/anonymous/eqlog-steensgaard-analysis-benchmark/benchmarks/coreutils-8.24/df.bc>:hash_free:%25
</home/anonymous/eqlog-steensgaard-analysis-benchmark/benchmarks/coreutils-8.24/df.bc>:hash_free:81	</home/anonymous/eqlog-steensgaard-analysis-benchmark/benchmarks/coreutils-8.24/df.bc>:hash_free:%28
</home/anonymous/eqlog-steensgaard-analysis-benchmark/benchmarks/coreutils-8.24/df.bc>:hash_free:93	</home/anonymous/eqlog-steensgaard-analysis-benchmark/benchmarks/coreutils-8.24/df.bc>:hash_free:%33
</home/anonymous/eqlog-steensgaard-analysis-benchmark/benchmarks/coreutils-8.24/df.bc>:hash_free:97	</home/anonymous/eqlog-steensgaard-analysis-benchmark/benchmarks/coreutils-8.24/df.bc>:hash_free:%34
</home/anonymous/eqlog-steensgaard-analysis-benchmark/benchmarks/coreutils-8.24/df.bc>:hash_free:105	</home/anonymous/eqlog-steensgaard-analysis-benchmark/benchmarks/coreutils-8.24/df.bc>:hash_free:%37
</home/anonymous/eqlog-steensgaard-analysis-benchmark/benchmarks/coreutils-8.24/df.bc>:hash_free:116	</home/anonymous/eqlog-steensgaard-analysis-benchmark/benchmarks/coreutils-8.24/df.bc>:hash_free:%42
</home/anonymous/eqlog-steensgaard-analysis-benchmark/benchmarks/coreutils-8.24/df.bc>:hash_rehash:15	</home/anonymous/eqlog-steensgaard-analysis-benchmark/benchmarks/coreutils-8.24/df.bc>:hash_rehash:%1
</home/anonymous/eqlog-steensgaard-analysis-benchmark/benchmarks/coreutils-8.24/df.bc>:hash_rehash:26	</home/anonymous/eqlog-steensgaard-analysis-benchmark/benchmarks/coreutils-8.24/df.bc>:hash_rehash:%5
</home/anonymous/eqlog-steensgaard-analysis-benchmark/benchmarks/coreutils-8.24/df.bc>:hash_rehash:37	</home/anonymous/eqlog-steensgaard-analysis-benchmark/benchmarks/coreutils-8.24/df.bc>:hash_rehash:%9
</home/anonymous/eqlog-steensgaard-analysis-benchmark/benchmarks/coreutils-8.24/df.bc>:hash_rehash:40	</home/anonymous/eqlog-steensgaard-analysis-benchmark/benchmarks/coreutils-8.24/df.bc>:hash_rehash:%10
</home/anonymous/eqlog-steensgaard-analysis-benchmark/benchmarks/coreutils-8.24/df.bc>:hash_rehash:48	</home/anonymous/eqlog-steensgaard-analysis-benchmark/benchmarks/coreutils-8.24/df.bc>:hash_rehash:%13
</home/anonymous/eqlog-steensgaard-analysis-benchmark/benchmarks/coreutils-8.24/df.bc>:hash_rehash:51	</home/anonymous/eqlog-steensgaard-analysis-benchmark/benchmarks/coreutils-8.24/df.bc>:hash_rehash:%14
</home/anonymous/eqlog-steensgaard-analysis-benchmark/benchmarks/coreutils-8.24/df.bc>:hash_rehash:54	</home/anonymous/eqlog-steensgaard-analysis-benchmark/benchmarks/coreutils-8.24/df.bc>:hash_rehash:%15
</home/anonymous/eqlog-steensgaard-analysis-benchmark/benchmarks/coreutils-8.24/df.bc>:hash_rehash:56	</home/anonymous/eqlog-steensgaard-analysis-benchmark/benchmarks/coreutils-8.24/df.bc>:hash_rehash:%17
</home/anonymous/eqlog-steensgaard-analysis-benchmark/benchmarks/coreutils-8.24/df.bc>:hash_rehash:59	</home/anonymous/eqlog-steensgaard-analysis-benchmark/benchmarks/coreutils-8.24/df.bc>:hash_rehash:%18
</home/anonymous/eqlog-steensgaard-analysis-benchmark/benchmarks/coreutils-8.24/df.bc>:hash_rehash:62	</home/anonymous/eqlog-steensgaard-analysis-benchmark/benchmarks/coreutils-8.24/df.bc>:hash_rehash:%19
</home/anonymous/eqlog-steensgaard-analysis-benchmark/benchmarks/coreutils-8.24/df.bc>:hash_rehash:65	</home/anonymous/eqlog-steensgaard-analysis-benchmark/benchmarks/coreutils-8.24/df.bc>:hash_rehash:%20
</home/anonymous/eqlog-steensgaard-analysis-benchmark/benchmarks/coreutils-8.24/df.bc>:hash_rehash:68	</home/anonymous/eqlog-steensgaard-analysis-benchmark/benchmarks/coreutils-8.24/df.bc>:hash_rehash:%22
</home/anonymous/eqlog-steensgaard-analysis-benchmark/benchmarks/coreutils-8.24/df.bc>:hash_rehash:71	</home/anonymous/eqlog-steensgaard-analysis-benchmark/benchmarks/coreutils-8.24/df.bc>:hash_rehash:%23
</home/anonymous/eqlog-steensgaard-analysis-benchmark/benchmarks/coreutils-8.24/df.bc>:hash_rehash:74	</home/anonymous/eqlog-steensgaard-analysis-benchmark/benchmarks/coreutils-8.24/df.bc>:hash_rehash:%25
</home/anonymous/eqlog-steensgaard-analysis-benchmark/benchmarks/coreutils-8.24/df.bc>:hash_rehash:77	</home/anonymous/eqlog-steensgaard-analysis-benchmark/benchmarks/coreutils-8.24/df.bc>:hash_rehash:%26
</home/anonymous/eqlog-steensgaard-analysis-benchmark/benchmarks/coreutils-8.24/df.bc>:hash_rehash:80	</home/anonymous/eqlog-steensgaard-analysis-benchmark/benchmarks/coreutils-8.24/df.bc>:hash_rehash:%28
</home/anonymous/eqlog-steensgaard-analysis-benchmark/benchmarks/coreutils-8.24/df.bc>:hash_rehash:83	</home/anonymous/eqlog-steensgaard-analysis-benchmark/benchmarks/coreutils-8.24/df.bc>:hash_rehash:%29
</home/anonymous/eqlog-steensgaard-analysis-benchmark/benchmarks/coreutils-8.24/df.bc>:hash_rehash:86	</home/anonymous/eqlog-steensgaard-analysis-benchmark/benchmarks/coreutils-8.24/df.bc>:hash_rehash:%31
</home/anonymous/eqlog-steensgaard-analysis-benchmark/benchmarks/coreutils-8.24/df.bc>:hash_rehash:89	</home/anonymous/eqlog-steensgaard-analysis-benchmark/benchmarks/coreutils-8.24/df.bc>:hash_rehash:%32
</home/anonymous/eqlog-steensgaard-analysis-benchmark/benchmarks/coreutils-8.24/df.bc>:hash_rehash:92	</home/anonymous/eqlog-steensgaard-analysis-benchmark/benchmarks/coreutils-8.24/df.bc>:hash_rehash:%34
</home/anonymous/eqlog-steensgaard-analysis-benchmark/benchmarks/coreutils-8.24/df.bc>:hash_rehash:99	</home/anonymous/eqlog-steensgaard-analysis-benchmark/benchmarks/coreutils-8.24/df.bc>:hash_rehash:%37
</home/anonymous/eqlog-steensgaard-analysis-benchmark/benchmarks/coreutils-8.24/df.bc>:hash_rehash:104	</home/anonymous/eqlog-steensgaard-analysis-benchmark/benchmarks/coreutils-8.24/df.bc>:hash_rehash:%40
</home/anonymous/eqlog-steensgaard-analysis-benchmark/benchmarks/coreutils-8.24/df.bc>:hash_rehash:107	</home/anonymous/eqlog-steensgaard-analysis-benchmark/benchmarks/coreutils-8.24/df.bc>:hash_rehash:%42
</home/anonymous/eqlog-steensgaard-analysis-benchmark/benchmarks/coreutils-8.24/df.bc>:hash_rehash:110	</home/anonymous/eqlog-steensgaard-analysis-benchmark/benchmarks/coreutils-8.24/df.bc>:hash_rehash:%43
</home/anonymous/eqlog-steensgaard-analysis-benchmark/benchmarks/coreutils-8.24/df.bc>:hash_rehash:113	</home/anonymous/eqlog-steensgaard-analysis-benchmark/benchmarks/coreutils-8.24/df.bc>:hash_rehash:%45
</home/anonymous/eqlog-steensgaard-analysis-benchmark/benchmarks/coreutils-8.24/df.bc>:hash_rehash:116	</home/anonymous/eqlog-steensgaard-analysis-benchmark/benchmarks/coreutils-8.24/df.bc>:hash_rehash:%46
</home/anonymous/eqlog-steensgaard-analysis-benchmark/benchmarks/coreutils-8.24/df.bc>:hash_rehash:119	</home/anonymous/eqlog-steensgaard-analysis-benchmark/benchmarks/coreutils-8.24/df.bc>:hash_rehash:%48
</home/anonymous/eqlog-steensgaard-analysis-benchmark/benchmarks/coreutils-8.24/df.bc>:hash_rehash:122	</home/anonymous/eqlog-steensgaard-analysis-benchmark/benchmarks/coreutils-8.24/df.bc>:hash_rehash:%49
</home/anonymous/eqlog-steensgaard-analysis-benchmark/benchmarks/coreutils-8.24/df.bc>:hash_rehash:125	</home/anonymous/eqlog-steensgaard-analysis-benchmark/benchmarks/coreutils-8.24/df.bc>:hash_rehash:%51
</home/anonymous/eqlog-steensgaard-analysis-benchmark/benchmarks/coreutils-8.24/df.bc>:hash_rehash:128	</home/anonymous/eqlog-steensgaard-analysis-benchmark/benchmarks/coreutils-8.24/df.bc>:hash_rehash:%52
</home/anonymous/eqlog-steensgaard-analysis-benchmark/benchmarks/coreutils-8.24/df.bc>:hash_rehash:131	</home/anonymous/eqlog-steensgaard-analysis-benchmark/benchmarks/coreutils-8.24/df.bc>:hash_rehash:%54
</home/anonymous/eqlog-steensgaard-analysis-benchmark/benchmarks/coreutils-8.24/df.bc>:hash_rehash:136	</home/anonymous/eqlog-steensgaard-analysis-benchmark/benchmarks/coreutils-8.24/df.bc>:hash_rehash:%55
</home/anonymous/eqlog-steensgaard-analysis-benchmark/benchmarks/coreutils-8.24/df.bc>:hash_rehash:139	</home/anonymous/eqlog-steensgaard-analysis-benchmark/benchmarks/coreutils-8.24/df.bc>:hash_rehash:%57
</home/anonymous/eqlog-steensgaard-analysis-benchmark/benchmarks/coreutils-8.24/df.bc>:hash_rehash:152	</home/anonymous/eqlog-steensgaard-analysis-benchmark/benchmarks/coreutils-8.24/df.bc>:hash_rehash:%62
</home/anonymous/eqlog-steensgaard-analysis-benchmark/benchmarks/coreutils-8.24/df.bc>:hash_insert_if_absent:38	</home/anonymous/eqlog-steensgaard-analysis-benchmark/benchmarks/coreutils-8.24/df.bc>:hash_insert_if_absent:%6
</home/anonymous/eqlog-steensgaard-analysis-benchmark/benchmarks/coreutils-8.24/df.bc>:hash_insert_if_absent:42	</home/anonymous/eqlog-steensgaard-analysis-benchmark/benchmarks/coreutils-8.24/df.bc>:hash_insert_if_absent:%8
</home/anonymous/eqlog-steensgaard-analysis-benchmark/benchmarks/coreutils-8.24/df.bc>:hash_insert_if_absent:44	</home/anonymous/eqlog-steensgaard-analysis-benchmark/benchmarks/coreutils-8.24/df.bc>:hash_insert_if_absent:%9
</home/anonymous/eqlog-steensgaard-analysis-benchmark/benchmarks/coreutils-8.24/df.bc>:hash_insert_if_absent:47	</home/anonymous/eqlog-steensgaard-analysis-benchmark/benchmarks/coreutils-8.24/df.bc>:hash_insert_if_absent:%11
</home/anonymous/eqlog-steensgaard-analysis-benchmark/benchmarks/coreutils-8.24/df.bc>:hash_insert_if_absent:56	</home/anonymous/eqlog-steensgaard-analysis-benchmark/benchmarks/coreutils-8.24/df.bc>:hash_insert_if_absent:%14
</home/anonymous/eqlog-steensgaard-analysis-benchmark/benchmarks/coreutils-8.24/df.bc>:hash_insert_if_absent:60	</home/anonymous/eqlog-steensgaard-analysis-benchmark/benchmarks/coreutils-8.24/df.bc>:hash_insert_if_absent:%16
</home/anonymous/eqlog-steensgaard-analysis-benchmark/benchmarks/coreutils-8.24/df.bc>:hash_insert_if_absent:62	</home/anonymous/eqlog-steensgaard-analysis-benchmark/benchmarks/coreutils-8.24/df.bc>:hash_insert_if_absent:%17
</home/anonymous/eqlog-steensgaard-analysis-benchmark/benchmarks/coreutils-8.24/df.bc>:hash_insert_if_absent:65	</home/anonymous/eqlog-steensgaard-analysis-benchmark/benchmarks/coreutils-8.24/df.bc>:hash_insert_if_absent:%19
</home/anonymous/eqlog-steensgaard-analysis-benchmark/benchmarks/coreutils-8.24/df.bc>:hash_insert_if_absent:73	</home/anonymous/eqlog-steensgaard-analysis-benchmark/benchmarks/coreutils-8.24/df.bc>:hash_insert_if_absent:%21
</home/anonymous/eqlog-steensgaard-analysis-benchmark/benchmarks/coreutils-8.24/df.bc>:hash_insert_if_absent:78	</home/anonymous/eqlog-steensgaard-analysis-benchmark/benchmarks/coreutils-8.24/df.bc>:hash_insert_if_absent:%23
</home/anonymous/eqlog-steensgaard-analysis-benchmark/benchmarks/coreutils-8.24/df.bc>:hash_insert_if_absent:83	</home/anonymous/eqlog-steensgaard-analysis-benchmark/benchmarks/coreutils-8.24/df.bc>:hash_insert_if_absent:%25
</home/anonymous/eqlog-steensgaard-analysis-benchmark/benchmarks/coreutils-8.24/df.bc>:hash_insert_if_absent:87	</home/anonymous/eqlog-steensgaard-analysis-benchmark/benchmarks/coreutils-8.24/df.bc>:hash_insert_if_absent:%27
</home/anonymous/eqlog-steensgaard-analysis-benchmark/benchmarks/coreutils-8.24/df.bc>:hash_insert_if_absent:92	</home/anonymous/eqlog-steensgaard-analysis-benchmark/benchmarks/coreutils-8.24/df.bc>:hash_insert_if_absent:%29
</home/anonymous/eqlog-steensgaard-analysis-benchmark/benchmarks/coreutils-8.24/df.bc>:hash_insert_if_absent:96	</home/anonymous/eqlog-steensgaard-analysis-benchmark/benchmarks/coreutils-8.24/df.bc>:hash_insert_if_absent:%31
</home/anonymous/eqlog-steensgaard-analysis-benchmark/benchmarks/coreutils-8.24/df.bc>:hash_insert_if_absent:100	</home/anonymous/eqlog-steensgaard-analysis-benchmark/benchmarks/coreutils-8.24/df.bc>:hash_insert_if_absent:%33
</home/anonymous/eqlog-steensgaard-analysis-benchmark/benchmarks/coreutils-8.24/df.bc>:hash_insert_if_absent:128	</home/anonymous/eqlog-steensgaard-analysis-benchmark/benchmarks/coreutils-8.24/df.bc>:hash_insert_if_absent:%40
</home/anonymous/eqlog-steensgaard-analysis-benchmark/benchmarks/coreutils-8.24/df.bc>:hash_insert_if_absent:143	</home/anonymous/eqlog-steensgaard-analysis-benchmark/benchmarks/coreutils-8.24/df.bc>:hash_insert_if_absent:%45
</home/anonymous/eqlog-steensgaard-analysis-benchmark/benchmarks/coreutils-8.24/df.bc>:hash_insert_if_absent:146	</home/anonymous/eqlog-steensgaard-analysis-benchmark/benchmarks/coreutils-8.24/df.bc>:hash_insert_if_absent:%46
</home/anonymous/eqlog-steensgaard-analysis-benchmark/benchmarks/coreutils-8.24/df.bc>:hash_insert_if_absent:149	</home/anonymous/eqlog-steensgaard-analysis-benchmark/benchmarks/coreutils-8.24/df.bc>:hash_insert_if_absent:%48
</home/anonymous/eqlog-steensgaard-analysis-benchmark/benchmarks/coreutils-8.24/df.bc>:hash_insert_if_absent:153	</home/anonymous/eqlog-steensgaard-analysis-benchmark/benchmarks/coreutils-8.24/df.bc>:hash_insert_if_absent:%50
</home/anonymous/eqlog-steensgaard-analysis-benchmark/benchmarks/coreutils-8.24/df.bc>:hash_insert_if_absent:156	</home/anonymous/eqlog-steensgaard-analysis-benchmark/benchmarks/coreutils-8.24/df.bc>:hash_insert_if_absent:%51
</home/anonymous/eqlog-steensgaard-analysis-benchmark/benchmarks/coreutils-8.24/df.bc>:hash_insert_if_absent:164	</home/anonymous/eqlog-steensgaard-analysis-benchmark/benchmarks/coreutils-8.24/df.bc>:hash_insert_if_absent:%54
</home/anonymous/eqlog-steensgaard-analysis-benchmark/benchmarks/coreutils-8.24/df.bc>:hash_insert_if_absent:167	</home/anonymous/eqlog-steensgaard-analysis-benchmark/benchmarks/coreutils-8.24/df.bc>:hash_insert_if_absent:%55
</home/anonymous/eqlog-steensgaard-analysis-benchmark/benchmarks/coreutils-8.24/df.bc>:hash_insert_if_absent:172	</home/anonymous/eqlog-steensgaard-analysis-benchmark/benchmarks/coreutils-8.24/df.bc>:hash_insert_if_absent:%57
</home/anonymous/eqlog-steensgaard-analysis-benchmark/benchmarks/coreutils-8.24/df.bc>:hash_delete:25	</home/anonymous/eqlog-steensgaard-analysis-benchmark/benchmarks/coreutils-8.24/df.bc>:hash_delete:%3
</home/anonymous/eqlog-steensgaard-analysis-benchmark/benchmarks/coreutils-8.24/df.bc>:hash_delete:30	</home/anonymous/eqlog-steensgaard-analysis-benchmark/benchmarks/coreutils-8.24/df.bc>:hash_delete:%5
</home/anonymous/eqlog-steensgaard-analysis-benchmark/benchmarks/coreutils-8.24/df.bc>:hash_delete:35	</home/anonymous/eqlog-steensgaard-analysis-benchmark/benchmarks/coreutils-8.24/df.bc>:hash_delete:%7
</home/anonymous/eqlog-steensgaard-analysis-benchmark/benchmarks/coreutils-8.24/df.bc>:hash_delete:40	</home/anonymous/eqlog-steensgaard-analysis-benchmark/benchmarks/coreutils-8.24/df.bc>:hash_delete:%9
</home/anonymous/eqlog-steensgaard-analysis-benchmark/benchmarks/coreutils-8.24/df.bc>:hash_delete:44	</home/anonymous/eqlog-steensgaard-analysis-benchmark/benchmarks/coreutils-8.24/df.bc>:hash_delete:%11
</home/anonymous/eqlog-steensgaard-analysis-benchmark/benchmarks/coreutils-8.24/df.bc>:hash_delete:46	</home/anonymous/eqlog-steensgaard-analysis-benchmark/benchmarks/coreutils-8.24/df.bc>:hash_delete:%12
</home/anonymous/eqlog-steensgaard-analysis-benchmark/benchmarks/coreutils-8.24/df.bc>:hash_delete:49	</home/anonymous/eqlog-steensgaard-analysis-benchmark/benchmarks/coreutils-8.24/df.bc>:hash_delete:%14
</home/anonymous/eqlog-steensgaard-analysis-benchmark/benchmarks/coreutils-8.24/df.bc>:hash_delete:58	</home/anonymous/eqlog-steensgaard-analysis-benchmark/benchmarks/coreutils-8.24/df.bc>:hash_delete:%17
</home/anonymous/eqlog-steensgaard-analysis-benchmark/benchmarks/coreutils-8.24/df.bc>:hash_delete:62	</home/anonymous/eqlog-steensgaard-analysis-benchmark/benchmarks/coreutils-8.24/df.bc>:hash_delete:%19
</home/anonymous/eqlog-steensgaard-analysis-benchmark/benchmarks/coreutils-8.24/df.bc>:hash_delete:64	</home/anonymous/eqlog-steensgaard-analysis-benchmark/benchmarks/coreutils-8.24/df.bc>:hash_delete:%20
</home/anonymous/eqlog-steensgaard-analysis-benchmark/benchmarks/coreutils-8.24/df.bc>:hash_delete:67	</home/anonymous/eqlog-steensgaard-analysis-benchmark/benchmarks/coreutils-8.24/df.bc>:hash_delete:%22
</home/anonymous/eqlog-steensgaard-analysis-benchmark/benchmarks/coreutils-8.24/df.bc>:hash_delete:75	</home/anonymous/eqlog-steensgaard-analysis-benchmark/benchmarks/coreutils-8.24/df.bc>:hash_delete:%24
</home/anonymous/eqlog-steensgaard-analysis-benchmark/benchmarks/coreutils-8.24/df.bc>:hash_delete:80	</home/anonymous/eqlog-steensgaard-analysis-benchmark/benchmarks/coreutils-8.24/df.bc>:hash_delete:%26
</home/anonymous/eqlog-steensgaard-analysis-benchmark/benchmarks/coreutils-8.24/df.bc>:hash_delete:85	</home/anonymous/eqlog-steensgaard-analysis-benchmark/benchmarks/coreutils-8.24/df.bc>:hash_delete:%28
</home/anonymous/eqlog-steensgaard-analysis-benchmark/benchmarks/coreutils-8.24/df.bc>:hash_delete:89	</home/anonymous/eqlog-steensgaard-analysis-benchmark/benchmarks/coreutils-8.24/df.bc>:hash_delete:%30
</home/anonymous/eqlog-steensgaard-analysis-benchmark/benchmarks/coreutils-8.24/df.bc>:hash_delete:94	</home/anonymous/eqlog-steensgaard-analysis-benchmark/benchmarks/coreutils-8.24/df.bc>:hash_delete:%32
</home/anonymous/eqlog-steensgaard-analysis-benchmark/benchmarks/coreutils-8.24/df.bc>:hash_delete:98	</home/anonymous/eqlog-steensgaard-analysis-benchmark/benchmarks/coreutils-8.24/df.bc>:hash_delete:%34
</home/anonymous/eqlog-steensgaard-analysis-benchmark/benchmarks/coreutils-8.24/df.bc>:hash_delete:102	</home/anonymous/eqlog-steensgaard-analysis-benchmark/benchmarks/coreutils-8.24/df.bc>:hash_delete:%36
</home/anonymous/eqlog-steensgaard-analysis-benchmark/benchmarks/coreutils-8.24/df.bc>:hash_delete:115	</home/anonymous/eqlog-steensgaard-analysis-benchmark/benchmarks/coreutils-8.24/df.bc>:hash_delete:%40
</home/anonymous/eqlog-steensgaard-analysis-benchmark/benchmarks/coreutils-8.24/df.bc>:hash_delete:124	</home/anonymous/eqlog-steensgaard-analysis-benchmark/benchmarks/coreutils-8.24/df.bc>:hash_delete:%43
</home/anonymous/eqlog-steensgaard-analysis-benchmark/benchmarks/coreutils-8.24/df.bc>:hash_delete:134	</home/anonymous/eqlog-steensgaard-analysis-benchmark/benchmarks/coreutils-8.24/df.bc>:hash_delete:%48
</home/anonymous/eqlog-steensgaard-analysis-benchmark/benchmarks/coreutils-8.24/df.bc>:safe_hasher:9	</home/anonymous/eqlog-steensgaard-analysis-benchmark/benchmarks/coreutils-8.24/df.bc>:safe_hasher:%0
</home/anonymous/eqlog-steensgaard-analysis-benchmark/benchmarks/coreutils-8.24/df.bc>:safe_hasher:13	</home/anonymous/eqlog-steensgaard-analysis-benchmark/benchmarks/coreutils-8.24/df.bc>:safe_hasher:%3
</home/anonymous/eqlog-steensgaard-analysis-benchmark/benchmarks/coreutils-8.24/df.bc>:safe_hasher:19	</home/anonymous/eqlog-steensgaard-analysis-benchmark/benchmarks/coreutils-8.24/df.bc>:safe_hasher:%6
</home/anonymous/eqlog-steensgaard-analysis-benchmark/benchmarks/coreutils-8.24/df.bc>:safe_hasher:26	</home/anonymous/eqlog-steensgaard-analysis-benchmark/benchmarks/coreutils-8.24/df.bc>:safe_hasher:%8
</home/anonymous/eqlog-steensgaard-analysis-benchmark/benchmarks/coreutils-8.24/df.bc>:safe_hasher:29	</home/anonymous/eqlog-steensgaard-analysis-benchmark/benchmarks/coreutils-8.24/df.bc>:safe_hasher:%9
</home/anonymous/eqlog-steensgaard-analysis-benchmark/benchmarks/coreutils-8.24/df.bc>:check_tuning:8	</home/anonymous/eqlog-steensgaard-analysis-benchmark/benchmarks/coreutils-8.24/df.bc>:check_tuning:%0
</home/anonymous/eqlog-steensgaard-analysis-benchmark/benchmarks/coreutils-8.24/df.bc>:check_tuning:20	</home/anonymous/eqlog-steensgaard-analysis-benchmark/benchmarks/coreutils-8.24/df.bc>:check_tuning:%4
</home/anonymous/eqlog-steensgaard-analysis-benchmark/benchmarks/coreutils-8.24/df.bc>:check_tuning:25	</home/anonymous/eqlog-steensgaard-analysis-benchmark/benchmarks/coreutils-8.24/df.bc>:check_tuning:%6
</home/anonymous/eqlog-steensgaard-analysis-benchmark/benchmarks/coreutils-8.24/df.bc>:check_tuning:34	</home/anonymous/eqlog-steensgaard-analysis-benchmark/benchmarks/coreutils-8.24/df.bc>:check_tuning:%10
</home/anonymous/eqlog-steensgaard-analysis-benchmark/benchmarks/coreutils-8.24/df.bc>:check_tuning:39	</home/anonymous/eqlog-steensgaard-analysis-benchmark/benchmarks/coreutils-8.24/df.bc>:check_tuning:%12
</home/anonymous/eqlog-steensgaard-analysis-benchmark/benchmarks/coreutils-8.24/df.bc>:check_tuning:44	</home/anonymous/eqlog-steensgaard-analysis-benchmark/benchmarks/coreutils-8.24/df.bc>:check_tuning:%14
</home/anonymous/eqlog-steensgaard-analysis-benchmark/benchmarks/coreutils-8.24/df.bc>:check_tuning:49	</home/anonymous/eqlog-steensgaard-analysis-benchmark/benchmarks/coreutils-8.24/df.bc>:check_tuning:%17
</home/anonymous/eqlog-steensgaard-analysis-benchmark/benchmarks/coreutils-8.24/df.bc>:check_tuning:54	</home/anonymous/eqlog-steensgaard-analysis-benchmark/benchmarks/coreutils-8.24/df.bc>:check_tuning:%19
</home/anonymous/eqlog-steensgaard-analysis-benchmark/benchmarks/coreutils-8.24/df.bc>:check_tuning:59	</home/anonymous/eqlog-steensgaard-analysis-benchmark/benchmarks/coreutils-8.24/df.bc>:check_tuning:%21
</home/anonymous/eqlog-steensgaard-analysis-benchmark/benchmarks/coreutils-8.24/df.bc>:check_tuning:64	</home/anonymous/eqlog-steensgaard-analysis-benchmark/benchmarks/coreutils-8.24/df.bc>:check_tuning:%24
</home/anonymous/eqlog-steensgaard-analysis-benchmark/benchmarks/coreutils-8.24/df.bc>:check_tuning:71	</home/anonymous/eqlog-steensgaard-analysis-benchmark/benchmarks/coreutils-8.24/df.bc>:check_tuning:%26
</home/anonymous/eqlog-steensgaard-analysis-benchmark/benchmarks/coreutils-8.24/df.bc>:compute_bucket_size:9	</home/anonymous/eqlog-steensgaard-analysis-benchmark/benchmarks/coreutils-8.24/df.bc>:compute_bucket_size:%0
</home/anonymous/eqlog-steensgaard-analysis-benchmark/benchmarks/coreutils-8.24/df.bc>:compute_bucket_size:17	</home/anonymous/eqlog-steensgaard-analysis-benchmark/benchmarks/coreutils-8.24/df.bc>:compute_bucket_size:%3
</home/anonymous/eqlog-steensgaard-analysis-benchmark/benchmarks/coreutils-8.24/df.bc>:transfer_entries:21	</home/anonymous/eqlog-steensgaard-analysis-benchmark/benchmarks/coreutils-8.24/df.bc>:transfer_entries:%0
</home/anonymous/eqlog-steensgaard-analysis-benchmark/benchmarks/coreutils-8.24/df.bc>:transfer_entries:27	</home/anonymous/eqlog-steensgaard-analysis-benchmark/benchmarks/coreutils-8.24/df.bc>:transfer_entries:%3
</home/anonymous/eqlog-steensgaard-analysis-benchmark/benchmarks/coreutils-8.24/df.bc>:transfer_entries:32	</home/anonymous/eqlog-steensgaard-analysis-benchmark/benchmarks/coreutils-8.24/df.bc>:transfer_entries:%5
</home/anonymous/eqlog-steensgaard-analysis-benchmark/benchmarks/coreutils-8.24/df.bc>:transfer_entries:39	</home/anonymous/eqlog-steensgaard-analysis-benchmark/benchmarks/coreutils-8.24/df.bc>:transfer_entries:%7
</home/anonymous/eqlog-steensgaard-analysis-benchmark/benchmarks/coreutils-8.24/df.bc>:transfer_entries:47	</home/anonymous/eqlog-steensgaard-analysis-benchmark/benchmarks/coreutils-8.24/df.bc>:transfer_entries:%10
</home/anonymous/eqlog-steensgaard-analysis-benchmark/benchmarks/coreutils-8.24/df.bc>:transfer_entries:55	</home/anonymous/eqlog-steensgaard-analysis-benchmark/benchmarks/coreutils-8.24/df.bc>:transfer_entries:%14
</home/anonymous/eqlog-steensgaard-analysis-benchmark/benchmarks/coreutils-8.24/df.bc>:transfer_entries:59	</home/anonymous/eqlog-steensgaard-analysis-benchmark/benchmarks/coreutils-8.24/df.bc>:transfer_entries:%16
</home/anonymous/eqlog-steensgaard-analysis-benchmark/benchmarks/coreutils-8.24/df.bc>:transfer_entries:64	</home/anonymous/eqlog-steensgaard-analysis-benchmark/benchmarks/coreutils-8.24/df.bc>:transfer_entries:%18
</home/anonymous/eqlog-steensgaard-analysis-benchmark/benchmarks/coreutils-8.24/df.bc>:transfer_entries:67	</home/anonymous/eqlog-steensgaard-analysis-benchmark/benchmarks/coreutils-8.24/df.bc>:transfer_entries:%20
</home/anonymous/eqlog-steensgaard-analysis-benchmark/benchmarks/coreutils-8.24/df.bc>:transfer_entries:71	</home/anonymous/eqlog-steensgaard-analysis-benchmark/benchmarks/coreutils-8.24/df.bc>:transfer_entries:%22
</home/anonymous/eqlog-steensgaard-analysis-benchmark/benchmarks/coreutils-8.24/df.bc>:transfer_entries:76	</home/anonymous/eqlog-steensgaard-analysis-benchmark/benchmarks/coreutils-8.24/df.bc>:transfer_entries:%24
</home/anonymous/eqlog-steensgaard-analysis-benchmark/benchmarks/coreutils-8.24/df.bc>:transfer_entries:79	</home/anonymous/eqlog-steensgaard-analysis-benchmark/benchmarks/coreutils-8.24/df.bc>:transfer_entries:%25
</home/anonymous/eqlog-steensgaard-analysis-benchmark/benchmarks/coreutils-8.24/df.bc>:transfer_entries:92	</home/anonymous/eqlog-steensgaard-analysis-benchmark/benchmarks/coreutils-8.24/df.bc>:transfer_entries:%30
</home/anonymous/eqlog-steensgaard-analysis-benchmark/benchmarks/coreutils-8.24/df.bc>:transfer_entries:96	</home/anonymous/eqlog-steensgaard-analysis-benchmark/benchmarks/coreutils-8.24/df.bc>:transfer_entries:%32
</home/anonymous/eqlog-steensgaard-analysis-benchmark/benchmarks/coreutils-8.24/df.bc>:transfer_entries:107	</home/anonymous/eqlog-steensgaard-analysis-benchmark/benchmarks/coreutils-8.24/df.bc>:transfer_entries:%36
</home/anonymous/eqlog-steensgaard-analysis-benchmark/benchmarks/coreutils-8.24/df.bc>:transfer_entries:122	</home/anonymous/eqlog-steensgaard-analysis-benchmark/benchmarks/coreutils-8.24/df.bc>:transfer_entries:%41
</home/anonymous/eqlog-steensgaard-analysis-benchmark/benchmarks/coreutils-8.24/df.bc>:transfer_entries:125	</home/anonymous/eqlog-steensgaard-analysis-benchmark/benchmarks/coreutils-8.24/df.bc>:transfer_entries:%42
</home/anonymous/eqlog-steensgaard-analysis-benchmark/benchmarks/coreutils-8.24/df.bc>:transfer_entries:128	</home/anonymous/eqlog-steensgaard-analysis-benchmark/benchmarks/coreutils-8.24/df.bc>:transfer_entries:%44
</home/anonymous/eqlog-steensgaard-analysis-benchmark/benchmarks/coreutils-8.24/df.bc>:transfer_entries:132	</home/anonymous/eqlog-steensgaard-analysis-benchmark/benchmarks/coreutils-8.24/df.bc>:transfer_entries:%46
</home/anonymous/eqlog-steensgaard-analysis-benchmark/benchmarks/coreutils-8.24/df.bc>:transfer_entries:137	</home/anonymous/eqlog-steensgaard-analysis-benchmark/benchmarks/coreutils-8.24/df.bc>:transfer_entries:%48
</home/anonymous/eqlog-steensgaard-analysis-benchmark/benchmarks/coreutils-8.24/df.bc>:transfer_entries:140	</home/anonymous/eqlog-steensgaard-analysis-benchmark/benchmarks/coreutils-8.24/df.bc>:transfer_entries:%49
</home/anonymous/eqlog-steensgaard-analysis-benchmark/benchmarks/coreutils-8.24/df.bc>:transfer_entries:146	</home/anonymous/eqlog-steensgaard-analysis-benchmark/benchmarks/coreutils-8.24/df.bc>:transfer_entries:%51
</home/anonymous/eqlog-steensgaard-analysis-benchmark/benchmarks/coreutils-8.24/df.bc>:transfer_entries:149	</home/anonymous/eqlog-steensgaard-analysis-benchmark/benchmarks/coreutils-8.24/df.bc>:transfer_entries:%52
</home/anonymous/eqlog-steensgaard-analysis-benchmark/benchmarks/coreutils-8.24/df.bc>:transfer_entries:156	</home/anonymous/eqlog-steensgaard-analysis-benchmark/benchmarks/coreutils-8.24/df.bc>:transfer_entries:%54
</home/anonymous/eqlog-steensgaard-analysis-benchmark/benchmarks/coreutils-8.24/df.bc>:hash_find_entry:30	</home/anonymous/eqlog-steensgaard-analysis-benchmark/benchmarks/coreutils-8.24/df.bc>:hash_find_entry:%4
</home/anonymous/eqlog-steensgaard-analysis-benchmark/benchmarks/coreutils-8.24/df.bc>:hash_find_entry:38	</home/anonymous/eqlog-steensgaard-analysis-benchmark/benchmarks/coreutils-8.24/df.bc>:hash_find_entry:%7
</home/anonymous/eqlog-steensgaard-analysis-benchmark/benchmarks/coreutils-8.24/df.bc>:hash_find_entry:43	</home/anonymous/eqlog-steensgaard-analysis-benchmark/benchmarks/coreutils-8.24/df.bc>:hash_find_entry:%9
</home/anonymous/eqlog-steensgaard-analysis-benchmark/benchmarks/coreutils-8.24/df.bc>:hash_find_entry:47	</home/anonymous/eqlog-steensgaard-analysis-benchmark/benchmarks/coreutils-8.24/df.bc>:hash_find_entry:%12
</home/anonymous/eqlog-steensgaard-analysis-benchmark/benchmarks/coreutils-8.24/df.bc>:hash_find_entry:53	</home/anonymous/eqlog-steensgaard-analysis-benchmark/benchmarks/coreutils-8.24/df.bc>:hash_find_entry:%14
</home/anonymous/eqlog-steensgaard-analysis-benchmark/benchmarks/coreutils-8.24/df.bc>:hash_find_entry:60	</home/anonymous/eqlog-steensgaard-analysis-benchmark/benchmarks/coreutils-8.24/df.bc>:hash_find_entry:%17
</home/anonymous/eqlog-steensgaard-analysis-benchmark/benchmarks/coreutils-8.24/df.bc>:hash_find_entry:66	</home/anonymous/eqlog-steensgaard-analysis-benchmark/benchmarks/coreutils-8.24/df.bc>:hash_find_entry:%19
</home/anonymous/eqlog-steensgaard-analysis-benchmark/benchmarks/coreutils-8.24/df.bc>:hash_find_entry:79	</home/anonymous/eqlog-steensgaard-analysis-benchmark/benchmarks/coreutils-8.24/df.bc>:hash_find_entry:%27
</home/anonymous/eqlog-steensgaard-analysis-benchmark/benchmarks/coreutils-8.24/df.bc>:hash_find_entry:90	</home/anonymous/eqlog-steensgaard-analysis-benchmark/benchmarks/coreutils-8.24/df.bc>:hash_find_entry:%30
</home/anonymous/eqlog-steensgaard-analysis-benchmark/benchmarks/coreutils-8.24/df.bc>:hash_find_entry:96	</home/anonymous/eqlog-steensgaard-analysis-benchmark/benchmarks/coreutils-8.24/df.bc>:hash_find_entry:%33
</home/anonymous/eqlog-steensgaard-analysis-benchmark/benchmarks/coreutils-8.24/df.bc>:hash_find_entry:98	</home/anonymous/eqlog-steensgaard-analysis-benchmark/benchmarks/coreutils-8.24/df.bc>:hash_find_entry:%34
</home/anonymous/eqlog-steensgaard-analysis-benchmark/benchmarks/coreutils-8.24/df.bc>:hash_find_entry:103	</home/anonymous/eqlog-steensgaard-analysis-benchmark/benchmarks/coreutils-8.24/df.bc>:hash_find_entry:%36
</home/anonymous/eqlog-steensgaard-analysis-benchmark/benchmarks/coreutils-8.24/df.bc>:hash_find_entry:107	</home/anonymous/eqlog-steensgaard-analysis-benchmark/benchmarks/coreutils-8.24/df.bc>:hash_find_entry:%39
</home/anonymous/eqlog-steensgaard-analysis-benchmark/benchmarks/coreutils-8.24/df.bc>:hash_find_entry:109	</home/anonymous/eqlog-steensgaard-analysis-benchmark/benchmarks/coreutils-8.24/df.bc>:hash_find_entry:%40
</home/anonymous/eqlog-steensgaard-analysis-benchmark/benchmarks/coreutils-8.24/df.bc>:hash_find_entry:115	</home/anonymous/eqlog-steensgaard-analysis-benchmark/benchmarks/coreutils-8.24/df.bc>:hash_find_entry:%42
</home/anonymous/eqlog-steensgaard-analysis-benchmark/benchmarks/coreutils-8.24/df.bc>:hash_find_entry:117	</home/anonymous/eqlog-steensgaard-analysis-benchmark/benchmarks/coreutils-8.24/df.bc>:hash_find_entry:%43
</home/anonymous/eqlog-steensgaard-analysis-benchmark/benchmarks/coreutils-8.24/df.bc>:hash_find_entry:125	</home/anonymous/eqlog-steensgaard-analysis-benchmark/benchmarks/coreutils-8.24/df.bc>:hash_find_entry:%46
</home/anonymous/eqlog-steensgaard-analysis-benchmark/benchmarks/coreutils-8.24/df.bc>:hash_find_entry:129	</home/anonymous/eqlog-steensgaard-analysis-benchmark/benchmarks/coreutils-8.24/df.bc>:hash_find_entry:%48
</home/anonymous/eqlog-steensgaard-analysis-benchmark/benchmarks/coreutils-8.24/df.bc>:hash_find_entry:132	</home/anonymous/eqlog-steensgaard-analysis-benchmark/benchmarks/coreutils-8.24/df.bc>:hash_find_entry:%50
</home/anonymous/eqlog-steensgaard-analysis-benchmark/benchmarks/coreutils-8.24/df.bc>:hash_find_entry:143	</home/anonymous/eqlog-steensgaard-analysis-benchmark/benchmarks/coreutils-8.24/df.bc>:hash_find_entry:%54
</home/anonymous/eqlog-steensgaard-analysis-benchmark/benchmarks/coreutils-8.24/df.bc>:allocate_entry:6	</home/anonymous/eqlog-steensgaard-analysis-benchmark/benchmarks/coreutils-8.24/df.bc>:allocate_entry:%0
</home/anonymous/eqlog-steensgaard-analysis-benchmark/benchmarks/coreutils-8.24/df.bc>:allocate_entry:11	</home/anonymous/eqlog-steensgaard-analysis-benchmark/benchmarks/coreutils-8.24/df.bc>:allocate_entry:%2
</home/anonymous/eqlog-steensgaard-analysis-benchmark/benchmarks/coreutils-8.24/df.bc>:allocate_entry:15	</home/anonymous/eqlog-steensgaard-analysis-benchmark/benchmarks/coreutils-8.24/df.bc>:allocate_entry:%4
</home/anonymous/eqlog-steensgaard-analysis-benchmark/benchmarks/coreutils-8.24/df.bc>:allocate_entry:18	</home/anonymous/eqlog-steensgaard-analysis-benchmark/benchmarks/coreutils-8.24/df.bc>:allocate_entry:%6
</home/anonymous/eqlog-steensgaard-analysis-benchmark/benchmarks/coreutils-8.24/df.bc>:free_entry:7	</home/anonymous/eqlog-steensgaard-analysis-benchmark/benchmarks/coreutils-8.24/df.bc>:free_entry:%0
</home/anonymous/eqlog-steensgaard-analysis-benchmark/benchmarks/coreutils-8.24/df.bc>:free_entry:10	</home/anonymous/eqlog-steensgaard-analysis-benchmark/benchmarks/coreutils-8.24/df.bc>:free_entry:%1
</home/anonymous/eqlog-steensgaard-analysis-benchmark/benchmarks/coreutils-8.24/df.bc>:free_entry:13	</home/anonymous/eqlog-steensgaard-analysis-benchmark/benchmarks/coreutils-8.24/df.bc>:free_entry:%3
</home/anonymous/eqlog-steensgaard-analysis-benchmark/benchmarks/coreutils-8.24/df.bc>:free_entry:17	</home/anonymous/eqlog-steensgaard-analysis-benchmark/benchmarks/coreutils-8.24/df.bc>:free_entry:%5
</home/anonymous/eqlog-steensgaard-analysis-benchmark/benchmarks/coreutils-8.24/df.bc>:triple_hash:14	</home/anonymous/eqlog-steensgaard-analysis-benchmark/benchmarks/coreutils-8.24/df.bc>:triple_hash:%2
</home/anonymous/eqlog-steensgaard-analysis-benchmark/benchmarks/coreutils-8.24/df.bc>:triple_hash:21	</home/anonymous/eqlog-steensgaard-analysis-benchmark/benchmarks/coreutils-8.24/df.bc>:triple_hash:%6
</home/anonymous/eqlog-steensgaard-analysis-benchmark/benchmarks/coreutils-8.24/df.bc>:triple_hash_no_name:12	</home/anonymous/eqlog-steensgaard-analysis-benchmark/benchmarks/coreutils-8.24/df.bc>:triple_hash_no_name:%2
</home/anonymous/eqlog-steensgaard-analysis-benchmark/benchmarks/coreutils-8.24/df.bc>:triple_compare:17	</home/anonymous/eqlog-steensgaard-analysis-benchmark/benchmarks/coreutils-8.24/df.bc>:triple_compare:%4
</home/anonymous/eqlog-steensgaard-analysis-benchmark/benchmarks/coreutils-8.24/df.bc>:triple_compare:20	</home/anonymous/eqlog-steensgaard-analysis-benchmark/benchmarks/coreutils-8.24/df.bc>:triple_compare:%6
</home/anonymous/eqlog-steensgaard-analysis-benchmark/benchmarks/coreutils-8.24/df.bc>:triple_compare:25	</home/anonymous/eqlog-steensgaard-analysis-benchmark/benchmarks/coreutils-8.24/df.bc>:triple_compare:%8
</home/anonymous/eqlog-steensgaard-analysis-benchmark/benchmarks/coreutils-8.24/df.bc>:triple_compare:28	</home/anonymous/eqlog-steensgaard-analysis-benchmark/benchmarks/coreutils-8.24/df.bc>:triple_compare:%10
</home/anonymous/eqlog-steensgaard-analysis-benchmark/benchmarks/coreutils-8.24/df.bc>:triple_compare:33	</home/anonymous/eqlog-steensgaard-analysis-benchmark/benchmarks/coreutils-8.24/df.bc>:triple_compare:%12
</home/anonymous/eqlog-steensgaard-analysis-benchmark/benchmarks/coreutils-8.24/df.bc>:triple_compare:36	</home/anonymous/eqlog-steensgaard-analysis-benchmark/benchmarks/coreutils-8.24/df.bc>:triple_compare:%14
</home/anonymous/eqlog-steensgaard-analysis-benchmark/benchmarks/coreutils-8.24/df.bc>:triple_compare_ino_str:17	</home/anonymous/eqlog-steensgaard-analysis-benchmark/benchmarks/coreutils-8.24/df.bc>:triple_compare_ino_str:%4
</home/anonymous/eqlog-steensgaard-analysis-benchmark/benchmarks/coreutils-8.24/df.bc>:triple_compare_ino_str:20	</home/anonymous/eqlog-steensgaard-analysis-benchmark/benchmarks/coreutils-8.24/df.bc>:triple_compare_ino_str:%6
</home/anonymous/eqlog-steensgaard-analysis-benchmark/benchmarks/coreutils-8.24/df.bc>:triple_compare_ino_str:25	</home/anonymous/eqlog-steensgaard-analysis-benchmark/benchmarks/coreutils-8.24/df.bc>:triple_compare_ino_str:%8
</home/anonymous/eqlog-steensgaard-analysis-benchmark/benchmarks/coreutils-8.24/df.bc>:triple_compare_ino_str:28	</home/anonymous/eqlog-steensgaard-analysis-benchmark/benchmarks/coreutils-8.24/df.bc>:triple_compare_ino_str:%10
</home/anonymous/eqlog-steensgaard-analysis-benchmark/benchmarks/coreutils-8.24/df.bc>:triple_compare_ino_str:33	</home/anonymous/eqlog-steensgaard-analysis-benchmark/benchmarks/coreutils-8.24/df.bc>:triple_compare_ino_str:%12
</home/anonymous/eqlog-steensgaard-analysis-benchmark/benchmarks/coreutils-8.24/df.bc>:triple_compare_ino_str:36	</home/anonymous/eqlog-steensgaard-analysis-benchmark/benchmarks/coreutils-8.24/df.bc>:triple_compare_ino_str:%14
</home/anonymous/eqlog-steensgaard-analysis-benchmark/benchmarks/coreutils-8.24/df.bc>:triple_free:9	</home/anonymous/eqlog-steensgaard-analysis-benchmark/benchmarks/coreutils-8.24/df.bc>:triple_free:%2
</home/anonymous/eqlog-steensgaard-analysis-benchmark/benchmarks/coreutils-8.24/df.bc>:human_readable:77	</home/anonymous/eqlog-steensgaard-analysis-benchmark/benchmarks/coreutils-8.24/df.bc>:human_readable:%2
</home/anonymous/eqlog-steensgaard-analysis-benchmark/benchmarks/coreutils-8.24/df.bc>:human_readable:88	</home/anonymous/eqlog-steensgaard-analysis-benchmark/benchmarks/coreutils-8.24/df.bc>:human_readable:%6
</home/anonymous/eqlog-steensgaard-analysis-benchmark/benchmarks/coreutils-8.24/df.bc>:human_readable:95	</home/anonymous/eqlog-steensgaard-analysis-benchmark/benchmarks/coreutils-8.24/df.bc>:human_readable:%9
</home/anonymous/eqlog-steensgaard-analysis-benchmark/benchmarks/coreutils-8.24/df.bc>:human_readable:99	</home/anonymous/eqlog-steensgaard-analysis-benchmark/benchmarks/coreutils-8.24/df.bc>:human_readable:%11
</home/anonymous/eqlog-steensgaard-analysis-benchmark/benchmarks/coreutils-8.24/df.bc>:human_readable:105	</home/anonymous/eqlog-steensgaard-analysis-benchmark/benchmarks/coreutils-8.24/df.bc>:human_readable:%13
</home/anonymous/eqlog-steensgaard-analysis-benchmark/benchmarks/coreutils-8.24/df.bc>:human_readable:110	</home/anonymous/eqlog-steensgaard-analysis-benchmark/benchmarks/coreutils-8.24/df.bc>:human_readable:%15
</home/anonymous/eqlog-steensgaard-analysis-benchmark/benchmarks/coreutils-8.24/df.bc>:human_readable:111	</home/anonymous/eqlog-steensgaard-analysis-benchmark/benchmarks/coreutils-8.24/df.bc>:human_readable:%add.ptr
</home/anonymous/eqlog-steensgaard-analysis-benchmark/benchmarks/coreutils-8.24/df.bc>:human_readable:285	</home/anonymous/eqlog-steensgaard-analysis-benchmark/benchmarks/coreutils-8.24/df.bc>:human_readable:%76
</home/anonymous/eqlog-steensgaard-analysis-benchmark/benchmarks/coreutils-8.24/df.bc>:human_readable:306	</home/anonymous/eqlog-steensgaard-analysis-benchmark/benchmarks/coreutils-8.24/df.bc>:human_readable:%82
</home/anonymous/eqlog-steensgaard-analysis-benchmark/benchmarks/coreutils-8.24/df.bc>:human_readable:314	</home/anonymous/eqlog-steensgaard-analysis-benchmark/benchmarks/coreutils-8.24/df.bc>:human_readable:%87
</home/anonymous/eqlog-steensgaard-analysis-benchmark/benchmarks/coreutils-8.24/df.bc>:human_readable:317	</home/anonymous/eqlog-steensgaard-analysis-benchmark/benchmarks/coreutils-8.24/df.bc>:human_readable:%add.ptr91
</home/anonymous/eqlog-steensgaard-analysis-benchmark/benchmarks/coreutils-8.24/df.bc>:human_readable:440	</home/anonymous/eqlog-steensgaard-analysis-benchmark/benchmarks/coreutils-8.24/df.bc>:human_readable:%129
</home/anonymous/eqlog-steensgaard-analysis-benchmark/benchmarks/coreutils-8.24/df.bc>:human_readable:446	</home/anonymous/eqlog-steensgaard-analysis-benchmark/benchmarks/coreutils-8.24/df.bc>:human_readable:%131
</home/anonymous/eqlog-steensgaard-analysis-benchmark/benchmarks/coreutils-8.24/df.bc>:human_readable:504	</home/anonymous/eqlog-steensgaard-analysis-benchmark/benchmarks/coreutils-8.24/df.bc>:human_readable:%150
</home/anonymous/eqlog-steensgaard-analysis-benchmark/benchmarks/coreutils-8.24/df.bc>:human_readable:510	</home/anonymous/eqlog-steensgaard-analysis-benchmark/benchmarks/coreutils-8.24/df.bc>:human_readable:%152
</home/anonymous/eqlog-steensgaard-analysis-benchmark/benchmarks/coreutils-8.24/df.bc>:human_readable:532	</home/anonymous/eqlog-steensgaard-analysis-benchmark/benchmarks/coreutils-8.24/df.bc>:human_readable:%159
</home/anonymous/eqlog-steensgaard-analysis-benchmark/benchmarks/coreutils-8.24/df.bc>:human_readable:598	</home/anonymous/eqlog-steensgaard-analysis-benchmark/benchmarks/coreutils-8.24/df.bc>:human_readable:%178
</home/anonymous/eqlog-steensgaard-analysis-benchmark/benchmarks/coreutils-8.24/df.bc>:human_readable:615	</home/anonymous/eqlog-steensgaard-analysis-benchmark/benchmarks/coreutils-8.24/df.bc>:human_readable:615:0:@power_letter
</home/anonymous/eqlog-steensgaard-analysis-benchmark/benchmarks/coreutils-8.24/df.bc>:human_readable:622	</home/anonymous/eqlog-steensgaard-analysis-benchmark/benchmarks/coreutils-8.24/df.bc>:human_readable:%184
</home/anonymous/eqlog-steensgaard-analysis-benchmark/benchmarks/coreutils-8.24/df.bc>:human_readable:638	</home/anonymous/eqlog-steensgaard-analysis-benchmark/benchmarks/coreutils-8.24/df.bc>:human_readable:%188
</home/anonymous/eqlog-steensgaard-analysis-benchmark/benchmarks/coreutils-8.24/df.bc>:human_readable:643	</home/anonymous/eqlog-steensgaard-analysis-benchmark/benchmarks/coreutils-8.24/df.bc>:human_readable:%189
</home/anonymous/eqlog-steensgaard-analysis-benchmark/benchmarks/coreutils-8.24/df.bc>:group_number:35	</home/anonymous/eqlog-steensgaard-analysis-benchmark/benchmarks/coreutils-8.24/df.bc>:group_number:%5
</home/anonymous/eqlog-steensgaard-analysis-benchmark/benchmarks/coreutils-8.24/df.bc>:group_number:57	</home/anonymous/eqlog-steensgaard-analysis-benchmark/benchmarks/coreutils-8.24/df.bc>:group_number:%13
</home/anonymous/eqlog-steensgaard-analysis-benchmark/benchmarks/coreutils-8.24/df.bc>:group_number:70	</home/anonymous/eqlog-steensgaard-analysis-benchmark/benchmarks/coreutils-8.24/df.bc>:group_number:%18
</home/anonymous/eqlog-steensgaard-analysis-benchmark/benchmarks/coreutils-8.24/df.bc>:group_number:77	</home/anonymous/eqlog-steensgaard-analysis-benchmark/benchmarks/coreutils-8.24/df.bc>:group_number:%buf
</home/anonymous/eqlog-steensgaard-analysis-benchmark/benchmarks/coreutils-8.24/df.bc>:group_number:79	</home/anonymous/eqlog-steensgaard-analysis-benchmark/benchmarks/coreutils-8.24/df.bc>:group_number:%arraydecay
</home/anonymous/eqlog-steensgaard-analysis-benchmark/benchmarks/coreutils-8.24/df.bc>:group_number:90	</home/anonymous/eqlog-steensgaard-analysis-benchmark/benchmarks/coreutils-8.24/df.bc>:group_number:%27
</home/anonymous/eqlog-steensgaard-analysis-benchmark/benchmarks/coreutils-8.24/df.bc>:humblock:41	</home/anonymous/eqlog-steensgaard-analysis-benchmark/benchmarks/coreutils-8.24/df.bc>:humblock:%5
</home/anonymous/eqlog-steensgaard-analysis-benchmark/benchmarks/coreutils-8.24/df.bc>:humblock:52	</home/anonymous/eqlog-steensgaard-analysis-benchmark/benchmarks/coreutils-8.24/df.bc>:humblock:52:0:@block_size_opts
</home/anonymous/eqlog-steensgaard-analysis-benchmark/benchmarks/coreutils-8.24/df.bc>:humblock:96	</home/anonymous/eqlog-steensgaard-analysis-benchmark/benchmarks/coreutils-8.24/df.bc>:humblock:%24
</home/anonymous/eqlog-steensgaard-analysis-benchmark/benchmarks/coreutils-8.24/df.bc>:humblock:106	</home/anonymous/eqlog-steensgaard-analysis-benchmark/benchmarks/coreutils-8.24/df.bc>:humblock:%27
</home/anonymous/eqlog-steensgaard-analysis-benchmark/benchmarks/coreutils-8.24/df.bc>:humblock:112	</home/anonymous/eqlog-steensgaard-analysis-benchmark/benchmarks/coreutils-8.24/df.bc>:humblock:%29
</home/anonymous/eqlog-steensgaard-analysis-benchmark/benchmarks/coreutils-8.24/df.bc>:humblock:124	</home/anonymous/eqlog-steensgaard-analysis-benchmark/benchmarks/coreutils-8.24/df.bc>:humblock:%32
</home/anonymous/eqlog-steensgaard-analysis-benchmark/benchmarks/coreutils-8.24/df.bc>:umaxtostr:9	</home/anonymous/eqlog-steensgaard-analysis-benchmark/benchmarks/coreutils-8.24/df.bc>:umaxtostr:%0
</home/anonymous/eqlog-steensgaard-analysis-benchmark/benchmarks/coreutils-8.24/df.bc>:umaxtostr:22	</home/anonymous/eqlog-steensgaard-analysis-benchmark/benchmarks/coreutils-8.24/df.bc>:umaxtostr:%4
</home/anonymous/eqlog-steensgaard-analysis-benchmark/benchmarks/coreutils-8.24/df.bc>:umaxtostr:32	</home/anonymous/eqlog-steensgaard-analysis-benchmark/benchmarks/coreutils-8.24/df.bc>:umaxtostr:%6
</home/anonymous/eqlog-steensgaard-analysis-benchmark/benchmarks/coreutils-8.24/df.bc>:umaxtostr:42	</home/anonymous/eqlog-steensgaard-analysis-benchmark/benchmarks/coreutils-8.24/df.bc>:umaxtostr:%8
</home/anonymous/eqlog-steensgaard-analysis-benchmark/benchmarks/coreutils-8.24/df.bc>:mbsalign:106	</home/anonymous/eqlog-steensgaard-analysis-benchmark/benchmarks/coreutils-8.24/df.bc>:mbsalign:%17
</home/anonymous/eqlog-steensgaard-analysis-benchmark/benchmarks/coreutils-8.24/df.bc>:mbsalign:232	</home/anonymous/eqlog-steensgaard-analysis-benchmark/benchmarks/coreutils-8.24/df.bc>:mbsalign:%61
</home/anonymous/eqlog-steensgaard-analysis-benchmark/benchmarks/coreutils-8.24/df.bc>:mbsalign:233	</home/anonymous/eqlog-steensgaard-analysis-benchmark/benchmarks/coreutils-8.24/df.bc>:mbsalign:%add.ptr
</home/anonymous/eqlog-steensgaard-analysis-benchmark/benchmarks/coreutils-8.24/df.bc>:wc_ensure_printable:25	</home/anonymous/eqlog-steensgaard-analysis-benchmark/benchmarks/coreutils-8.24/df.bc>:wc_ensure_printable:%6
</home/anonymous/eqlog-steensgaard-analysis-benchmark/benchmarks/coreutils-8.24/df.bc>:wc_truncate:42	</home/anonymous/eqlog-steensgaard-analysis-benchmark/benchmarks/coreutils-8.24/df.bc>:wc_truncate:%11
</home/anonymous/eqlog-steensgaard-analysis-benchmark/benchmarks/coreutils-8.24/df.bc>:mbs_align_pad:22	</home/anonymous/eqlog-steensgaard-analysis-benchmark/benchmarks/coreutils-8.24/df.bc>:mbs_align_pad:%4
</home/anonymous/eqlog-steensgaard-analysis-benchmark/benchmarks/coreutils-8.24/df.bc>:mbsnwidth:24	</home/anonymous/eqlog-steensgaard-analysis-benchmark/benchmarks/coreutils-8.24/df.bc>:mbsnwidth:%1
</home/anonymous/eqlog-steensgaard-analysis-benchmark/benchmarks/coreutils-8.24/df.bc>:mbsnwidth:41	</home/anonymous/eqlog-steensgaard-analysis-benchmark/benchmarks/coreutils-8.24/df.bc>:mbsnwidth:%7
</home/anonymous/eqlog-steensgaard-analysis-benchmark/benchmarks/coreutils-8.24/df.bc>:mbsnwidth:70	</home/anonymous/eqlog-steensgaard-analysis-benchmark/benchmarks/coreutils-8.24/df.bc>:mbsnwidth:%15
</home/anonymous/eqlog-steensgaard-analysis-benchmark/benchmarks/coreutils-8.24/df.bc>:mbsnwidth:137	</home/anonymous/eqlog-steensgaard-analysis-benchmark/benchmarks/coreutils-8.24/df.bc>:mbsnwidth:%33
</home/anonymous/eqlog-steensgaard-analysis-benchmark/benchmarks/coreutils-8.24/df.bc>:mbsnwidth:156	</home/anonymous/eqlog-steensgaard-analysis-benchmark/benchmarks/coreutils-8.24/df.bc>:mbsnwidth:%37
</home/anonymous/eqlog-steensgaard-analysis-benchmark/benchmarks/coreutils-8.24/df.bc>:mbsnwidth:165	</home/anonymous/eqlog-steensgaard-analysis-benchmark/benchmarks/coreutils-8.24/df.bc>:mbsnwidth:%40
</home/anonymous/eqlog-steensgaard-analysis-benchmark/benchmarks/coreutils-8.24/df.bc>:mbsnwidth:188	</home/anonymous/eqlog-steensgaard-analysis-benchmark/benchmarks/coreutils-8.24/df.bc>:mbsnwidth:%46
</home/anonymous/eqlog-steensgaard-analysis-benchmark/benchmarks/coreutils-8.24/df.bc>:set_program_name:21	</home/anonymous/eqlog-steensgaard-analysis-benchmark/benchmarks/coreutils-8.24/df.bc>:set_program_name:%4
</home/anonymous/eqlog-steensgaard-analysis-benchmark/benchmarks/coreutils-8.24/df.bc>:set_program_name:35	</home/anonymous/eqlog-steensgaard-analysis-benchmark/benchmarks/coreutils-8.24/df.bc>:set_program_name:%8
</home/anonymous/eqlog-steensgaard-analysis-benchmark/benchmarks/coreutils-8.24/df.bc>:set_program_name:46	</home/anonymous/eqlog-steensgaard-analysis-benchmark/benchmarks/coreutils-8.24/df.bc>:set_program_name:%11
</home/anonymous/eqlog-steensgaard-analysis-benchmark/benchmarks/coreutils-8.24/df.bc>:proper_name_utf8:60	</home/anonymous/eqlog-steensgaard-analysis-benchmark/benchmarks/coreutils-8.24/df.bc>:proper_name_utf8:%9
</home/anonymous/eqlog-steensgaard-analysis-benchmark/benchmarks/coreutils-8.24/df.bc>:mbsstr_trimmed_wordbounded:46	</home/anonymous/eqlog-steensgaard-analysis-benchmark/benchmarks/coreutils-8.24/df.bc>:mbsstr_trimmed_wordbounded:%string_iter
</home/anonymous/eqlog-steensgaard-analysis-benchmark/benchmarks/coreutils-8.24/df.bc>:mbsstr_trimmed_wordbounded:47	</home/anonymous/eqlog-steensgaard-analysis-benchmark/benchmarks/coreutils-8.24/df.bc>:mbsstr_trimmed_wordbounded:%cur
</home/anonymous/eqlog-steensgaard-analysis-benchmark/benchmarks/coreutils-8.24/df.bc>:mbsstr_trimmed_wordbounded:49	</home/anonymous/eqlog-steensgaard-analysis-benchmark/benchmarks/coreutils-8.24/df.bc>:mbsstr_trimmed_wordbounded:%string_iter
</home/anonymous/eqlog-steensgaard-analysis-benchmark/benchmarks/coreutils-8.24/df.bc>:mbsstr_trimmed_wordbounded:51	</home/anonymous/eqlog-steensgaard-analysis-benchmark/benchmarks/coreutils-8.24/df.bc>:mbsstr_trimmed_wordbounded:%string_iter
</home/anonymous/eqlog-steensgaard-analysis-benchmark/benchmarks/coreutils-8.24/df.bc>:mbsstr_trimmed_wordbounded:54	</home/anonymous/eqlog-steensgaard-analysis-benchmark/benchmarks/coreutils-8.24/df.bc>:mbsstr_trimmed_wordbounded:%string_iter
</home/anonymous/eqlog-steensgaard-analysis-benchmark/benchmarks/coreutils-8.24/df.bc>:mbsstr_trimmed_wordbounded:57	</home/anonymous/eqlog-steensgaard-analysis-benchmark/benchmarks/coreutils-8.24/df.bc>:mbsstr_trimmed_wordbounded:%string_iter
</home/anonymous/eqlog-steensgaard-analysis-benchmark/benchmarks/coreutils-8.24/df.bc>:mbsstr_trimmed_wordbounded:58	</home/anonymous/eqlog-steensgaard-analysis-benchmark/benchmarks/coreutils-8.24/df.bc>:mbsstr_trimmed_wordbounded:%cur9
</home/anonymous/eqlog-steensgaard-analysis-benchmark/benchmarks/coreutils-8.24/df.bc>:mbsstr_trimmed_wordbounded:66	</home/anonymous/eqlog-steensgaard-analysis-benchmark/benchmarks/coreutils-8.24/df.bc>:mbsstr_trimmed_wordbounded:%string_iter
</home/anonymous/eqlog-steensgaard-analysis-benchmark/benchmarks/coreutils-8.24/df.bc>:mbsstr_trimmed_wordbounded:67	</home/anonymous/eqlog-steensgaard-analysis-benchmark/benchmarks/coreutils-8.24/df.bc>:mbsstr_trimmed_wordbounded:%cur14
</home/anonymous/eqlog-steensgaard-analysis-benchmark/benchmarks/coreutils-8.24/df.bc>:mbsstr_trimmed_wordbounded:71	</home/anonymous/eqlog-steensgaard-analysis-benchmark/benchmarks/coreutils-8.24/df.bc>:mbsstr_trimmed_wordbounded:%string_iter
</home/anonymous/eqlog-steensgaard-analysis-benchmark/benchmarks/coreutils-8.24/df.bc>:mbsstr_trimmed_wordbounded:72	</home/anonymous/eqlog-steensgaard-analysis-benchmark/benchmarks/coreutils-8.24/df.bc>:mbsstr_trimmed_wordbounded:%cur16
</home/anonymous/eqlog-steensgaard-analysis-benchmark/benchmarks/coreutils-8.24/df.bc>:mbsstr_trimmed_wordbounded:81	</home/anonymous/eqlog-steensgaard-analysis-benchmark/benchmarks/coreutils-8.24/df.bc>:mbsstr_trimmed_wordbounded:%string_iter
</home/anonymous/eqlog-steensgaard-analysis-benchmark/benchmarks/coreutils-8.24/df.bc>:mbsstr_trimmed_wordbounded:85	</home/anonymous/eqlog-steensgaard-analysis-benchmark/benchmarks/coreutils-8.24/df.bc>:mbsstr_trimmed_wordbounded:%string_iter
</home/anonymous/eqlog-steensgaard-analysis-benchmark/benchmarks/coreutils-8.24/df.bc>:mbsstr_trimmed_wordbounded:86	</home/anonymous/eqlog-steensgaard-analysis-benchmark/benchmarks/coreutils-8.24/df.bc>:mbsstr_trimmed_wordbounded:%cur21
</home/anonymous/eqlog-steensgaard-analysis-benchmark/benchmarks/coreutils-8.24/df.bc>:mbsstr_trimmed_wordbounded:88	</home/anonymous/eqlog-steensgaard-analysis-benchmark/benchmarks/coreutils-8.24/df.bc>:mbsstr_trimmed_wordbounded:%string_iter
</home/anonymous/eqlog-steensgaard-analysis-benchmark/benchmarks/coreutils-8.24/df.bc>:mbsstr_trimmed_wordbounded:89	</home/anonymous/eqlog-steensgaard-analysis-benchmark/benchmarks/coreutils-8.24/df.bc>:mbsstr_trimmed_wordbounded:%cur22
</home/anonymous/eqlog-steensgaard-analysis-benchmark/benchmarks/coreutils-8.24/df.bc>:mbsstr_trimmed_wordbounded:91	</home/anonymous/eqlog-steensgaard-analysis-benchmark/benchmarks/coreutils-8.24/df.bc>:mbsstr_trimmed_wordbounded:%16
</home/anonymous/eqlog-steensgaard-analysis-benchmark/benchmarks/coreutils-8.24/df.bc>:mbsstr_trimmed_wordbounded:93	</home/anonymous/eqlog-steensgaard-analysis-benchmark/benchmarks/coreutils-8.24/df.bc>:mbsstr_trimmed_wordbounded:%string_iter
</home/anonymous/eqlog-steensgaard-analysis-benchmark/benchmarks/coreutils-8.24/df.bc>:mbsstr_trimmed_wordbounded:96	</home/anonymous/eqlog-steensgaard-analysis-benchmark/benchmarks/coreutils-8.24/df.bc>:mbsstr_trimmed_wordbounded:%string_iter
</home/anonymous/eqlog-steensgaard-analysis-benchmark/benchmarks/coreutils-8.24/df.bc>:mbsstr_trimmed_wordbounded:97	</home/anonymous/eqlog-steensgaard-analysis-benchmark/benchmarks/coreutils-8.24/df.bc>:mbsstr_trimmed_wordbounded:%cur25
</home/anonymous/eqlog-steensgaard-analysis-benchmark/benchmarks/coreutils-8.24/df.bc>:mbsstr_trimmed_wordbounded:102	</home/anonymous/eqlog-steensgaard-analysis-benchmark/benchmarks/coreutils-8.24/df.bc>:mbsstr_trimmed_wordbounded:%last_char_before_tsub
</home/anonymous/eqlog-steensgaard-analysis-benchmark/benchmarks/coreutils-8.24/df.bc>:mbsstr_trimmed_wordbounded:106	</home/anonymous/eqlog-steensgaard-analysis-benchmark/benchmarks/coreutils-8.24/df.bc>:mbsstr_trimmed_wordbounded:%last_char_before_tsub
</home/anonymous/eqlog-steensgaard-analysis-benchmark/benchmarks/coreutils-8.24/df.bc>:mbsstr_trimmed_wordbounded:115	</home/anonymous/eqlog-steensgaard-analysis-benchmark/benchmarks/coreutils-8.24/df.bc>:mbsstr_trimmed_wordbounded:%string_iter
</home/anonymous/eqlog-steensgaard-analysis-benchmark/benchmarks/coreutils-8.24/df.bc>:mbsstr_trimmed_wordbounded:116	</home/anonymous/eqlog-steensgaard-analysis-benchmark/benchmarks/coreutils-8.24/df.bc>:mbsstr_trimmed_wordbounded:%cur38
</home/anonymous/eqlog-steensgaard-analysis-benchmark/benchmarks/coreutils-8.24/df.bc>:mbsstr_trimmed_wordbounded:118	</home/anonymous/eqlog-steensgaard-analysis-benchmark/benchmarks/coreutils-8.24/df.bc>:mbsstr_trimmed_wordbounded:%string_iter
</home/anonymous/eqlog-steensgaard-analysis-benchmark/benchmarks/coreutils-8.24/df.bc>:mbsstr_trimmed_wordbounded:120	</home/anonymous/eqlog-steensgaard-analysis-benchmark/benchmarks/coreutils-8.24/df.bc>:mbsstr_trimmed_wordbounded:%string_iter
</home/anonymous/eqlog-steensgaard-analysis-benchmark/benchmarks/coreutils-8.24/df.bc>:mbsstr_trimmed_wordbounded:123	</home/anonymous/eqlog-steensgaard-analysis-benchmark/benchmarks/coreutils-8.24/df.bc>:mbsstr_trimmed_wordbounded:%string_iter
</home/anonymous/eqlog-steensgaard-analysis-benchmark/benchmarks/coreutils-8.24/df.bc>:mbsstr_trimmed_wordbounded:127	</home/anonymous/eqlog-steensgaard-analysis-benchmark/benchmarks/coreutils-8.24/df.bc>:mbsstr_trimmed_wordbounded:%tsub_iter
</home/anonymous/eqlog-steensgaard-analysis-benchmark/benchmarks/coreutils-8.24/df.bc>:mbsstr_trimmed_wordbounded:128	</home/anonymous/eqlog-steensgaard-analysis-benchmark/benchmarks/coreutils-8.24/df.bc>:mbsstr_trimmed_wordbounded:%cur43
</home/anonymous/eqlog-steensgaard-analysis-benchmark/benchmarks/coreutils-8.24/df.bc>:mbsstr_trimmed_wordbounded:130	</home/anonymous/eqlog-steensgaard-analysis-benchmark/benchmarks/coreutils-8.24/df.bc>:mbsstr_trimmed_wordbounded:%tsub_iter
</home/anonymous/eqlog-steensgaard-analysis-benchmark/benchmarks/coreutils-8.24/df.bc>:mbsstr_trimmed_wordbounded:132	</home/anonymous/eqlog-steensgaard-analysis-benchmark/benchmarks/coreutils-8.24/df.bc>:mbsstr_trimmed_wordbounded:%tsub_iter
</home/anonymous/eqlog-steensgaard-analysis-benchmark/benchmarks/coreutils-8.24/df.bc>:mbsstr_trimmed_wordbounded:135	</home/anonymous/eqlog-steensgaard-analysis-benchmark/benchmarks/coreutils-8.24/df.bc>:mbsstr_trimmed_wordbounded:%tsub_iter
</home/anonymous/eqlog-steensgaard-analysis-benchmark/benchmarks/coreutils-8.24/df.bc>:mbsstr_trimmed_wordbounded:139	</home/anonymous/eqlog-steensgaard-analysis-benchmark/benchmarks/coreutils-8.24/df.bc>:mbsstr_trimmed_wordbounded:%tsub_iter
</home/anonymous/eqlog-steensgaard-analysis-benchmark/benchmarks/coreutils-8.24/df.bc>:mbsstr_trimmed_wordbounded:140	</home/anonymous/eqlog-steensgaard-analysis-benchmark/benchmarks/coreutils-8.24/df.bc>:mbsstr_trimmed_wordbounded:%cur49
</home/anonymous/eqlog-steensgaard-analysis-benchmark/benchmarks/coreutils-8.24/df.bc>:mbsstr_trimmed_wordbounded:144	</home/anonymous/eqlog-steensgaard-analysis-benchmark/benchmarks/coreutils-8.24/df.bc>:mbsstr_trimmed_wordbounded:%tsub_iter
</home/anonymous/eqlog-steensgaard-analysis-benchmark/benchmarks/coreutils-8.24/df.bc>:mbsstr_trimmed_wordbounded:145	</home/anonymous/eqlog-steensgaard-analysis-benchmark/benchmarks/coreutils-8.24/df.bc>:mbsstr_trimmed_wordbounded:%cur54
</home/anonymous/eqlog-steensgaard-analysis-benchmark/benchmarks/coreutils-8.24/df.bc>:mbsstr_trimmed_wordbounded:153	</home/anonymous/eqlog-steensgaard-analysis-benchmark/benchmarks/coreutils-8.24/df.bc>:mbsstr_trimmed_wordbounded:%string_iter
</home/anonymous/eqlog-steensgaard-analysis-benchmark/benchmarks/coreutils-8.24/df.bc>:mbsstr_trimmed_wordbounded:154	</home/anonymous/eqlog-steensgaard-analysis-benchmark/benchmarks/coreutils-8.24/df.bc>:mbsstr_trimmed_wordbounded:%cur61
</home/anonymous/eqlog-steensgaard-analysis-benchmark/benchmarks/coreutils-8.24/df.bc>:mbsstr_trimmed_wordbounded:158	</home/anonymous/eqlog-steensgaard-analysis-benchmark/benchmarks/coreutils-8.24/df.bc>:mbsstr_trimmed_wordbounded:%string_iter
</home/anonymous/eqlog-steensgaard-analysis-benchmark/benchmarks/coreutils-8.24/df.bc>:mbsstr_trimmed_wordbounded:159	</home/anonymous/eqlog-steensgaard-analysis-benchmark/benchmarks/coreutils-8.24/df.bc>:mbsstr_trimmed_wordbounded:%cur66
</home/anonymous/eqlog-steensgaard-analysis-benchmark/benchmarks/coreutils-8.24/df.bc>:mbsstr_trimmed_wordbounded:168	</home/anonymous/eqlog-steensgaard-analysis-benchmark/benchmarks/coreutils-8.24/df.bc>:mbsstr_trimmed_wordbounded:%string_iter
</home/anonymous/eqlog-steensgaard-analysis-benchmark/benchmarks/coreutils-8.24/df.bc>:mbsstr_trimmed_wordbounded:169	</home/anonymous/eqlog-steensgaard-analysis-benchmark/benchmarks/coreutils-8.24/df.bc>:mbsstr_trimmed_wordbounded:%cur74
</home/anonymous/eqlog-steensgaard-analysis-benchmark/benchmarks/coreutils-8.24/df.bc>:mbsstr_trimmed_wordbounded:171	</home/anonymous/eqlog-steensgaard-analysis-benchmark/benchmarks/coreutils-8.24/df.bc>:mbsstr_trimmed_wordbounded:%string_iter
</home/anonymous/eqlog-steensgaard-analysis-benchmark/benchmarks/coreutils-8.24/df.bc>:mbsstr_trimmed_wordbounded:172	</home/anonymous/eqlog-steensgaard-analysis-benchmark/benchmarks/coreutils-8.24/df.bc>:mbsstr_trimmed_wordbounded:%cur76
</home/anonymous/eqlog-steensgaard-analysis-benchmark/benchmarks/coreutils-8.24/df.bc>:mbsstr_trimmed_wordbounded:174	</home/anonymous/eqlog-steensgaard-analysis-benchmark/benchmarks/coreutils-8.24/df.bc>:mbsstr_trimmed_wordbounded:%32
</home/anonymous/eqlog-steensgaard-analysis-benchmark/benchmarks/coreutils-8.24/df.bc>:mbsstr_trimmed_wordbounded:176	</home/anonymous/eqlog-steensgaard-analysis-benchmark/benchmarks/coreutils-8.24/df.bc>:mbsstr_trimmed_wordbounded:%string_iter
</home/anonymous/eqlog-steensgaard-analysis-benchmark/benchmarks/coreutils-8.24/df.bc>:mbsstr_trimmed_wordbounded:179	</home/anonymous/eqlog-steensgaard-analysis-benchmark/benchmarks/coreutils-8.24/df.bc>:mbsstr_trimmed_wordbounded:%tsub_iter
</home/anonymous/eqlog-steensgaard-analysis-benchmark/benchmarks/coreutils-8.24/df.bc>:mbsstr_trimmed_wordbounded:180	</home/anonymous/eqlog-steensgaard-analysis-benchmark/benchmarks/coreutils-8.24/df.bc>:mbsstr_trimmed_wordbounded:%cur80
</home/anonymous/eqlog-steensgaard-analysis-benchmark/benchmarks/coreutils-8.24/df.bc>:mbsstr_trimmed_wordbounded:182	</home/anonymous/eqlog-steensgaard-analysis-benchmark/benchmarks/coreutils-8.24/df.bc>:mbsstr_trimmed_wordbounded:%tsub_iter
</home/anonymous/eqlog-steensgaard-analysis-benchmark/benchmarks/coreutils-8.24/df.bc>:mbsstr_trimmed_wordbounded:183	</home/anonymous/eqlog-steensgaard-analysis-benchmark/benchmarks/coreutils-8.24/df.bc>:mbsstr_trimmed_wordbounded:%cur82
</home/anonymous/eqlog-steensgaard-analysis-benchmark/benchmarks/coreutils-8.24/df.bc>:mbsstr_trimmed_wordbounded:185	</home/anonymous/eqlog-steensgaard-analysis-benchmark/benchmarks/coreutils-8.24/df.bc>:mbsstr_trimmed_wordbounded:%34
</home/anonymous/eqlog-steensgaard-analysis-benchmark/benchmarks/coreutils-8.24/df.bc>:mbsstr_trimmed_wordbounded:187	</home/anonymous/eqlog-steensgaard-analysis-benchmark/benchmarks/coreutils-8.24/df.bc>:mbsstr_trimmed_wordbounded:%tsub_iter
</home/anonymous/eqlog-steensgaard-analysis-benchmark/benchmarks/coreutils-8.24/df.bc>:mbsstr_trimmed_wordbounded:192	</home/anonymous/eqlog-steensgaard-analysis-benchmark/benchmarks/coreutils-8.24/df.bc>:mbsstr_trimmed_wordbounded:%string_iter
</home/anonymous/eqlog-steensgaard-analysis-benchmark/benchmarks/coreutils-8.24/df.bc>:mbsstr_trimmed_wordbounded:193	</home/anonymous/eqlog-steensgaard-analysis-benchmark/benchmarks/coreutils-8.24/df.bc>:mbsstr_trimmed_wordbounded:%cur86
</home/anonymous/eqlog-steensgaard-analysis-benchmark/benchmarks/coreutils-8.24/df.bc>:mbsstr_trimmed_wordbounded:197	</home/anonymous/eqlog-steensgaard-analysis-benchmark/benchmarks/coreutils-8.24/df.bc>:mbsstr_trimmed_wordbounded:%string_iter
</home/anonymous/eqlog-steensgaard-analysis-benchmark/benchmarks/coreutils-8.24/df.bc>:mbsstr_trimmed_wordbounded:198	</home/anonymous/eqlog-steensgaard-analysis-benchmark/benchmarks/coreutils-8.24/df.bc>:mbsstr_trimmed_wordbounded:%cur91
</home/anonymous/eqlog-steensgaard-analysis-benchmark/benchmarks/coreutils-8.24/df.bc>:mbsstr_trimmed_wordbounded:206	</home/anonymous/eqlog-steensgaard-analysis-benchmark/benchmarks/coreutils-8.24/df.bc>:mbsstr_trimmed_wordbounded:%string_iter
</home/anonymous/eqlog-steensgaard-analysis-benchmark/benchmarks/coreutils-8.24/df.bc>:mbsstr_trimmed_wordbounded:210	</home/anonymous/eqlog-steensgaard-analysis-benchmark/benchmarks/coreutils-8.24/df.bc>:mbsstr_trimmed_wordbounded:%first_char_after_tsub
</home/anonymous/eqlog-steensgaard-analysis-benchmark/benchmarks/coreutils-8.24/df.bc>:mbsstr_trimmed_wordbounded:214	</home/anonymous/eqlog-steensgaard-analysis-benchmark/benchmarks/coreutils-8.24/df.bc>:mbsstr_trimmed_wordbounded:%first_char_after_tsub
</home/anonymous/eqlog-steensgaard-analysis-benchmark/benchmarks/coreutils-8.24/df.bc>:mbsstr_trimmed_wordbounded:231	</home/anonymous/eqlog-steensgaard-analysis-benchmark/benchmarks/coreutils-8.24/df.bc>:mbsstr_trimmed_wordbounded:%string_iter
</home/anonymous/eqlog-steensgaard-analysis-benchmark/benchmarks/coreutils-8.24/df.bc>:mbsstr_trimmed_wordbounded:232	</home/anonymous/eqlog-steensgaard-analysis-benchmark/benchmarks/coreutils-8.24/df.bc>:mbsstr_trimmed_wordbounded:%cur116
</home/anonymous/eqlog-steensgaard-analysis-benchmark/benchmarks/coreutils-8.24/df.bc>:mbsstr_trimmed_wordbounded:234	</home/anonymous/eqlog-steensgaard-analysis-benchmark/benchmarks/coreutils-8.24/df.bc>:mbsstr_trimmed_wordbounded:%string_iter
</home/anonymous/eqlog-steensgaard-analysis-benchmark/benchmarks/coreutils-8.24/df.bc>:mbsstr_trimmed_wordbounded:236	</home/anonymous/eqlog-steensgaard-analysis-benchmark/benchmarks/coreutils-8.24/df.bc>:mbsstr_trimmed_wordbounded:%string_iter
</home/anonymous/eqlog-steensgaard-analysis-benchmark/benchmarks/coreutils-8.24/df.bc>:mbsstr_trimmed_wordbounded:239	</home/anonymous/eqlog-steensgaard-analysis-benchmark/benchmarks/coreutils-8.24/df.bc>:mbsstr_trimmed_wordbounded:%string_iter
</home/anonymous/eqlog-steensgaard-analysis-benchmark/benchmarks/coreutils-8.24/df.bc>:mbsstr_trimmed_wordbounded:242	</home/anonymous/eqlog-steensgaard-analysis-benchmark/benchmarks/coreutils-8.24/df.bc>:mbsstr_trimmed_wordbounded:%string_iter
</home/anonymous/eqlog-steensgaard-analysis-benchmark/benchmarks/coreutils-8.24/df.bc>:mbsstr_trimmed_wordbounded:243	</home/anonymous/eqlog-steensgaard-analysis-benchmark/benchmarks/coreutils-8.24/df.bc>:mbsstr_trimmed_wordbounded:%cur121
</home/anonymous/eqlog-steensgaard-analysis-benchmark/benchmarks/coreutils-8.24/df.bc>:mbsstr_trimmed_wordbounded:247	</home/anonymous/eqlog-steensgaard-analysis-benchmark/benchmarks/coreutils-8.24/df.bc>:mbsstr_trimmed_wordbounded:%string_iter
</home/anonymous/eqlog-steensgaard-analysis-benchmark/benchmarks/coreutils-8.24/df.bc>:mbsstr_trimmed_wordbounded:248	</home/anonymous/eqlog-steensgaard-analysis-benchmark/benchmarks/coreutils-8.24/df.bc>:mbsstr_trimmed_wordbounded:%cur126
</home/anonymous/eqlog-steensgaard-analysis-benchmark/benchmarks/coreutils-8.24/df.bc>:mbsstr_trimmed_wordbounded:257	</home/anonymous/eqlog-steensgaard-analysis-benchmark/benchmarks/coreutils-8.24/df.bc>:mbsstr_trimmed_wordbounded:%string_iter
</home/anonymous/eqlog-steensgaard-analysis-benchmark/benchmarks/coreutils-8.24/df.bc>:mbsstr_trimmed_wordbounded:258	</home/anonymous/eqlog-steensgaard-analysis-benchmark/benchmarks/coreutils-8.24/df.bc>:mbsstr_trimmed_wordbounded:%cur134
</home/anonymous/eqlog-steensgaard-analysis-benchmark/benchmarks/coreutils-8.24/df.bc>:mbsstr_trimmed_wordbounded:260	</home/anonymous/eqlog-steensgaard-analysis-benchmark/benchmarks/coreutils-8.24/df.bc>:mbsstr_trimmed_wordbounded:%49
</home/anonymous/eqlog-steensgaard-analysis-benchmark/benchmarks/coreutils-8.24/df.bc>:mbsstr_trimmed_wordbounded:272	</home/anonymous/eqlog-steensgaard-analysis-benchmark/benchmarks/coreutils-8.24/df.bc>:mbsstr_trimmed_wordbounded:%53
</home/anonymous/eqlog-steensgaard-analysis-benchmark/benchmarks/coreutils-8.24/df.bc>:mbsstr_trimmed_wordbounded:278	</home/anonymous/eqlog-steensgaard-analysis-benchmark/benchmarks/coreutils-8.24/df.bc>:mbsstr_trimmed_wordbounded:%55
</home/anonymous/eqlog-steensgaard-analysis-benchmark/benchmarks/coreutils-8.24/df.bc>:mbsstr_trimmed_wordbounded:290	</home/anonymous/eqlog-steensgaard-analysis-benchmark/benchmarks/coreutils-8.24/df.bc>:mbsstr_trimmed_wordbounded:%57
</home/anonymous/eqlog-steensgaard-analysis-benchmark/benchmarks/coreutils-8.24/df.bc>:mbsstr_trimmed_wordbounded:304	</home/anonymous/eqlog-steensgaard-analysis-benchmark/benchmarks/coreutils-8.24/df.bc>:mbsstr_trimmed_wordbounded:%63
</home/anonymous/eqlog-steensgaard-analysis-benchmark/benchmarks/coreutils-8.24/df.bc>:mbsstr_trimmed_wordbounded:328	</home/anonymous/eqlog-steensgaard-analysis-benchmark/benchmarks/coreutils-8.24/df.bc>:mbsstr_trimmed_wordbounded:%69
</home/anonymous/eqlog-steensgaard-analysis-benchmark/benchmarks/coreutils-8.24/df.bc>:get_quoting_style:10	</home/anonymous/eqlog-steensgaard-analysis-benchmark/benchmarks/coreutils-8.24/df.bc>:get_quoting_style:%cond
</home/anonymous/eqlog-steensgaard-analysis-benchmark/benchmarks/coreutils-8.24/df.bc>:set_quoting_style:14	</home/anonymous/eqlog-steensgaard-analysis-benchmark/benchmarks/coreutils-8.24/df.bc>:set_quoting_style:%cond
</home/anonymous/eqlog-steensgaard-analysis-benchmark/benchmarks/coreutils-8.24/df.bc>:set_char_quoting:24	</home/anonymous/eqlog-steensgaard-analysis-benchmark/benchmarks/coreutils-8.24/df.bc>:set_char_quoting:%cond
</home/anonymous/eqlog-steensgaard-analysis-benchmark/benchmarks/coreutils-8.24/df.bc>:set_char_quoting:25	</home/anonymous/eqlog-steensgaard-analysis-benchmark/benchmarks/coreutils-8.24/df.bc>:set_char_quoting:%quote_these_too
</home/anonymous/eqlog-steensgaard-analysis-benchmark/benchmarks/coreutils-8.24/df.bc>:set_char_quoting:29	</home/anonymous/eqlog-steensgaard-analysis-benchmark/benchmarks/coreutils-8.24/df.bc>:set_char_quoting:%arraydecay
</home/anonymous/eqlog-steensgaard-analysis-benchmark/benchmarks/coreutils-8.24/df.bc>:set_quoting_flags:14	</home/anonymous/eqlog-steensgaard-analysis-benchmark/benchmarks/coreutils-8.24/df.bc>:set_quoting_flags:%1
</home/anonymous/eqlog-steensgaard-analysis-benchmark/benchmarks/coreutils-8.24/df.bc>:set_quoting_flags:19	</home/anonymous/eqlog-steensgaard-analysis-benchmark/benchmarks/coreutils-8.24/df.bc>:set_quoting_flags:%4
</home/anonymous/eqlog-steensgaard-analysis-benchmark/benchmarks/coreutils-8.24/df.bc>:set_custom_quoting:15	</home/anonymous/eqlog-steensgaard-analysis-benchmark/benchmarks/coreutils-8.24/df.bc>:set_custom_quoting:%1
</home/anonymous/eqlog-steensgaard-analysis-benchmark/benchmarks/coreutils-8.24/df.bc>:set_custom_quoting:27	</home/anonymous/eqlog-steensgaard-analysis-benchmark/benchmarks/coreutils-8.24/df.bc>:set_custom_quoting:%5
</home/anonymous/eqlog-steensgaard-analysis-benchmark/benchmarks/coreutils-8.24/df.bc>:set_custom_quoting:31	</home/anonymous/eqlog-steensgaard-analysis-benchmark/benchmarks/coreutils-8.24/df.bc>:set_custom_quoting:%7
</home/anonymous/eqlog-steensgaard-analysis-benchmark/benchmarks/coreutils-8.24/df.bc>:quotearg_buffer:37	</home/anonymous/eqlog-steensgaard-analysis-benchmark/benchmarks/coreutils-8.24/df.bc>:quotearg_buffer:%7
</home/anonymous/eqlog-steensgaard-analysis-benchmark/benchmarks/coreutils-8.24/df.bc>:quotearg_buffer:40	</home/anonymous/eqlog-steensgaard-analysis-benchmark/benchmarks/coreutils-8.24/df.bc>:quotearg_buffer:%9
</home/anonymous/eqlog-steensgaard-analysis-benchmark/benchmarks/coreutils-8.24/df.bc>:quotearg_buffer:43	</home/anonymous/eqlog-steensgaard-analysis-benchmark/benchmarks/coreutils-8.24/df.bc>:quotearg_buffer:%11
</home/anonymous/eqlog-steensgaard-analysis-benchmark/benchmarks/coreutils-8.24/df.bc>:quotearg_buffer:44	</home/anonymous/eqlog-steensgaard-analysis-benchmark/benchmarks/coreutils-8.24/df.bc>:quotearg_buffer:%quote_these_too
</home/anonymous/eqlog-steensgaard-analysis-benchmark/benchmarks/coreutils-8.24/df.bc>:quotearg_buffer:46	</home/anonymous/eqlog-steensgaard-analysis-benchmark/benchmarks/coreutils-8.24/df.bc>:quotearg_buffer:%12
</home/anonymous/eqlog-steensgaard-analysis-benchmark/benchmarks/coreutils-8.24/df.bc>:quotearg_buffer:49	</home/anonymous/eqlog-steensgaard-analysis-benchmark/benchmarks/coreutils-8.24/df.bc>:quotearg_buffer:%14
</home/anonymous/eqlog-steensgaard-analysis-benchmark/benchmarks/coreutils-8.24/df.bc>:quotearg_alloc_mem:32	</home/anonymous/eqlog-steensgaard-analysis-benchmark/benchmarks/coreutils-8.24/df.bc>:quotearg_alloc_mem:%3
</home/anonymous/eqlog-steensgaard-analysis-benchmark/benchmarks/coreutils-8.24/df.bc>:quotearg_alloc_mem:43	</home/anonymous/eqlog-steensgaard-analysis-benchmark/benchmarks/coreutils-8.24/df.bc>:quotearg_alloc_mem:%8
</home/anonymous/eqlog-steensgaard-analysis-benchmark/benchmarks/coreutils-8.24/df.bc>:quotearg_alloc_mem:47	</home/anonymous/eqlog-steensgaard-analysis-benchmark/benchmarks/coreutils-8.24/df.bc>:quotearg_alloc_mem:%11
</home/anonymous/eqlog-steensgaard-analysis-benchmark/benchmarks/coreutils-8.24/df.bc>:quotearg_alloc_mem:48	</home/anonymous/eqlog-steensgaard-analysis-benchmark/benchmarks/coreutils-8.24/df.bc>:quotearg_alloc_mem:%quote_these_too
</home/anonymous/eqlog-steensgaard-analysis-benchmark/benchmarks/coreutils-8.24/df.bc>:quotearg_alloc_mem:50	</home/anonymous/eqlog-steensgaard-analysis-benchmark/benchmarks/coreutils-8.24/df.bc>:quotearg_alloc_mem:%12
</home/anonymous/eqlog-steensgaard-analysis-benchmark/benchmarks/coreutils-8.24/df.bc>:quotearg_alloc_mem:53	</home/anonymous/eqlog-steensgaard-analysis-benchmark/benchmarks/coreutils-8.24/df.bc>:quotearg_alloc_mem:%14
</home/anonymous/eqlog-steensgaard-analysis-benchmark/benchmarks/coreutils-8.24/df.bc>:quotearg_alloc_mem:67	</home/anonymous/eqlog-steensgaard-analysis-benchmark/benchmarks/coreutils-8.24/df.bc>:quotearg_alloc_mem:%21
</home/anonymous/eqlog-steensgaard-analysis-benchmark/benchmarks/coreutils-8.24/df.bc>:quotearg_alloc_mem:71	</home/anonymous/eqlog-steensgaard-analysis-benchmark/benchmarks/coreutils-8.24/df.bc>:quotearg_alloc_mem:%24
</home/anonymous/eqlog-steensgaard-analysis-benchmark/benchmarks/coreutils-8.24/df.bc>:quotearg_alloc_mem:72	</home/anonymous/eqlog-steensgaard-analysis-benchmark/benchmarks/coreutils-8.24/df.bc>:quotearg_alloc_mem:%quote_these_too7
</home/anonymous/eqlog-steensgaard-analysis-benchmark/benchmarks/coreutils-8.24/df.bc>:quotearg_alloc_mem:74	</home/anonymous/eqlog-steensgaard-analysis-benchmark/benchmarks/coreutils-8.24/df.bc>:quotearg_alloc_mem:%25
</home/anonymous/eqlog-steensgaard-analysis-benchmark/benchmarks/coreutils-8.24/df.bc>:quotearg_alloc_mem:77	</home/anonymous/eqlog-steensgaard-analysis-benchmark/benchmarks/coreutils-8.24/df.bc>:quotearg_alloc_mem:%27
</home/anonymous/eqlog-steensgaard-analysis-benchmark/benchmarks/coreutils-8.24/df.bc>:quotearg_free:15	</home/anonymous/eqlog-steensgaard-analysis-benchmark/benchmarks/coreutils-8.24/df.bc>:quotearg_free:%4
</home/anonymous/eqlog-steensgaard-analysis-benchmark/benchmarks/coreutils-8.24/df.bc>:quotearg_free:16	</home/anonymous/eqlog-steensgaard-analysis-benchmark/benchmarks/coreutils-8.24/df.bc>:quotearg_free:%arrayidx
</home/anonymous/eqlog-steensgaard-analysis-benchmark/benchmarks/coreutils-8.24/df.bc>:quotearg_free:25	</home/anonymous/eqlog-steensgaard-analysis-benchmark/benchmarks/coreutils-8.24/df.bc>:quotearg_free:%7
</home/anonymous/eqlog-steensgaard-analysis-benchmark/benchmarks/coreutils-8.24/df.bc>:quotearg_free:26	</home/anonymous/eqlog-steensgaard-analysis-benchmark/benchmarks/coreutils-8.24/df.bc>:quotearg_free:%arrayidx1
</home/anonymous/eqlog-steensgaard-analysis-benchmark/benchmarks/coreutils-8.24/df.bc>:quotearg_free:31	</home/anonymous/eqlog-steensgaard-analysis-benchmark/benchmarks/coreutils-8.24/df.bc>:quotearg_free:%9
</home/anonymous/eqlog-steensgaard-analysis-benchmark/benchmarks/coreutils-8.24/df.bc>:quotearg_free:32	</home/anonymous/eqlog-steensgaard-analysis-benchmark/benchmarks/coreutils-8.24/df.bc>:quotearg_free:%arrayidx4
</home/anonymous/eqlog-steensgaard-analysis-benchmark/benchmarks/coreutils-8.24/df.bc>:quotearg_buffer_restyled:80	</home/anonymous/eqlog-steensgaard-analysis-benchmark/benchmarks/coreutils-8.24/df.bc>:quotearg_buffer_restyled:%6
</home/anonymous/eqlog-steensgaard-analysis-benchmark/benchmarks/coreutils-8.24/df.bc>:quotearg_buffer_restyled:124	</home/anonymous/eqlog-steensgaard-analysis-benchmark/benchmarks/coreutils-8.24/df.bc>:quotearg_buffer_restyled:%20
</home/anonymous/eqlog-steensgaard-analysis-benchmark/benchmarks/coreutils-8.24/df.bc>:quotearg_buffer_restyled:133	</home/anonymous/eqlog-steensgaard-analysis-benchmark/benchmarks/coreutils-8.24/df.bc>:quotearg_buffer_restyled:%22
</home/anonymous/eqlog-steensgaard-analysis-benchmark/benchmarks/coreutils-8.24/df.bc>:quotearg_buffer_restyled:157	</home/anonymous/eqlog-steensgaard-analysis-benchmark/benchmarks/coreutils-8.24/df.bc>:quotearg_buffer_restyled:%29
</home/anonymous/eqlog-steensgaard-analysis-benchmark/benchmarks/coreutils-8.24/df.bc>:quotearg_buffer_restyled:179	</home/anonymous/eqlog-steensgaard-analysis-benchmark/benchmarks/coreutils-8.24/df.bc>:quotearg_buffer_restyled:%33
</home/anonymous/eqlog-steensgaard-analysis-benchmark/benchmarks/coreutils-8.24/df.bc>:quotearg_buffer_restyled:224	</home/anonymous/eqlog-steensgaard-analysis-benchmark/benchmarks/coreutils-8.24/df.bc>:quotearg_buffer_restyled:%45
</home/anonymous/eqlog-steensgaard-analysis-benchmark/benchmarks/coreutils-8.24/df.bc>:quotearg_buffer_restyled:238	</home/anonymous/eqlog-steensgaard-analysis-benchmark/benchmarks/coreutils-8.24/df.bc>:quotearg_buffer_restyled:%51
</home/anonymous/eqlog-steensgaard-analysis-benchmark/benchmarks/coreutils-8.24/df.bc>:quotearg_buffer_restyled:258	</home/anonymous/eqlog-steensgaard-analysis-benchmark/benchmarks/coreutils-8.24/df.bc>:quotearg_buffer_restyled:%59
</home/anonymous/eqlog-steensgaard-analysis-benchmark/benchmarks/coreutils-8.24/df.bc>:quotearg_buffer_restyled:273	</home/anonymous/eqlog-steensgaard-analysis-benchmark/benchmarks/coreutils-8.24/df.bc>:quotearg_buffer_restyled:%64
</home/anonymous/eqlog-steensgaard-analysis-benchmark/benchmarks/coreutils-8.24/df.bc>:quotearg_buffer_restyled:281	</home/anonymous/eqlog-steensgaard-analysis-benchmark/benchmarks/coreutils-8.24/df.bc>:quotearg_buffer_restyled:%67
</home/anonymous/eqlog-steensgaard-analysis-benchmark/benchmarks/coreutils-8.24/df.bc>:quotearg_buffer_restyled:293	</home/anonymous/eqlog-steensgaard-analysis-benchmark/benchmarks/coreutils-8.24/df.bc>:quotearg_buffer_restyled:%72
</home/anonymous/eqlog-steensgaard-analysis-benchmark/benchmarks/coreutils-8.24/df.bc>:quotearg_buffer_restyled:307	</home/anonymous/eqlog-steensgaard-analysis-benchmark/benchmarks/coreutils-8.24/df.bc>:quotearg_buffer_restyled:%77
</home/anonymous/eqlog-steensgaard-analysis-benchmark/benchmarks/coreutils-8.24/df.bc>:quotearg_buffer_restyled:343	</home/anonymous/eqlog-steensgaard-analysis-benchmark/benchmarks/coreutils-8.24/df.bc>:quotearg_buffer_restyled:%86
</home/anonymous/eqlog-steensgaard-analysis-benchmark/benchmarks/coreutils-8.24/df.bc>:quotearg_buffer_restyled:351	</home/anonymous/eqlog-steensgaard-analysis-benchmark/benchmarks/coreutils-8.24/df.bc>:quotearg_buffer_restyled:%89
</home/anonymous/eqlog-steensgaard-analysis-benchmark/benchmarks/coreutils-8.24/df.bc>:quotearg_buffer_restyled:362	</home/anonymous/eqlog-steensgaard-analysis-benchmark/benchmarks/coreutils-8.24/df.bc>:quotearg_buffer_restyled:%93
</home/anonymous/eqlog-steensgaard-analysis-benchmark/benchmarks/coreutils-8.24/df.bc>:quotearg_buffer_restyled:375	</home/anonymous/eqlog-steensgaard-analysis-benchmark/benchmarks/coreutils-8.24/df.bc>:quotearg_buffer_restyled:%99
</home/anonymous/eqlog-steensgaard-analysis-benchmark/benchmarks/coreutils-8.24/df.bc>:quotearg_buffer_restyled:389	</home/anonymous/eqlog-steensgaard-analysis-benchmark/benchmarks/coreutils-8.24/df.bc>:quotearg_buffer_restyled:%104
</home/anonymous/eqlog-steensgaard-analysis-benchmark/benchmarks/coreutils-8.24/df.bc>:quotearg_buffer_restyled:403	</home/anonymous/eqlog-steensgaard-analysis-benchmark/benchmarks/coreutils-8.24/df.bc>:quotearg_buffer_restyled:%109
</home/anonymous/eqlog-steensgaard-analysis-benchmark/benchmarks/coreutils-8.24/df.bc>:quotearg_buffer_restyled:417	</home/anonymous/eqlog-steensgaard-analysis-benchmark/benchmarks/coreutils-8.24/df.bc>:quotearg_buffer_restyled:%114
</home/anonymous/eqlog-steensgaard-analysis-benchmark/benchmarks/coreutils-8.24/df.bc>:quotearg_buffer_restyled:476	</home/anonymous/eqlog-steensgaard-analysis-benchmark/benchmarks/coreutils-8.24/df.bc>:quotearg_buffer_restyled:%125
</home/anonymous/eqlog-steensgaard-analysis-benchmark/benchmarks/coreutils-8.24/df.bc>:quotearg_buffer_restyled:513	</home/anonymous/eqlog-steensgaard-analysis-benchmark/benchmarks/coreutils-8.24/df.bc>:quotearg_buffer_restyled:%136
</home/anonymous/eqlog-steensgaard-analysis-benchmark/benchmarks/coreutils-8.24/df.bc>:quotearg_buffer_restyled:527	</home/anonymous/eqlog-steensgaard-analysis-benchmark/benchmarks/coreutils-8.24/df.bc>:quotearg_buffer_restyled:%141
</home/anonymous/eqlog-steensgaard-analysis-benchmark/benchmarks/coreutils-8.24/df.bc>:quotearg_buffer_restyled:541	</home/anonymous/eqlog-steensgaard-analysis-benchmark/benchmarks/coreutils-8.24/df.bc>:quotearg_buffer_restyled:%146
</home/anonymous/eqlog-steensgaard-analysis-benchmark/benchmarks/coreutils-8.24/df.bc>:quotearg_buffer_restyled:562	</home/anonymous/eqlog-steensgaard-analysis-benchmark/benchmarks/coreutils-8.24/df.bc>:quotearg_buffer_restyled:%150
</home/anonymous/eqlog-steensgaard-analysis-benchmark/benchmarks/coreutils-8.24/df.bc>:quotearg_buffer_restyled:589	</home/anonymous/eqlog-steensgaard-analysis-benchmark/benchmarks/coreutils-8.24/df.bc>:quotearg_buffer_restyled:%157
</home/anonymous/eqlog-steensgaard-analysis-benchmark/benchmarks/coreutils-8.24/df.bc>:quotearg_buffer_restyled:621	</home/anonymous/eqlog-steensgaard-analysis-benchmark/benchmarks/coreutils-8.24/df.bc>:quotearg_buffer_restyled:%169
</home/anonymous/eqlog-steensgaard-analysis-benchmark/benchmarks/coreutils-8.24/df.bc>:quotearg_buffer_restyled:652	</home/anonymous/eqlog-steensgaard-analysis-benchmark/benchmarks/coreutils-8.24/df.bc>:quotearg_buffer_restyled:%180
</home/anonymous/eqlog-steensgaard-analysis-benchmark/benchmarks/coreutils-8.24/df.bc>:quotearg_buffer_restyled:715	</home/anonymous/eqlog-steensgaard-analysis-benchmark/benchmarks/coreutils-8.24/df.bc>:quotearg_buffer_restyled:%197
</home/anonymous/eqlog-steensgaard-analysis-benchmark/benchmarks/coreutils-8.24/df.bc>:quotearg_buffer_restyled:734	</home/anonymous/eqlog-steensgaard-analysis-benchmark/benchmarks/coreutils-8.24/df.bc>:quotearg_buffer_restyled:%203
</home/anonymous/eqlog-steensgaard-analysis-benchmark/benchmarks/coreutils-8.24/df.bc>:quotearg_buffer_restyled:754	</home/anonymous/eqlog-steensgaard-analysis-benchmark/benchmarks/coreutils-8.24/df.bc>:quotearg_buffer_restyled:%209
</home/anonymous/eqlog-steensgaard-analysis-benchmark/benchmarks/coreutils-8.24/df.bc>:quotearg_buffer_restyled:778	</home/anonymous/eqlog-steensgaard-analysis-benchmark/benchmarks/coreutils-8.24/df.bc>:quotearg_buffer_restyled:%216
</home/anonymous/eqlog-steensgaard-analysis-benchmark/benchmarks/coreutils-8.24/df.bc>:quotearg_buffer_restyled:802	</home/anonymous/eqlog-steensgaard-analysis-benchmark/benchmarks/coreutils-8.24/df.bc>:quotearg_buffer_restyled:%224
</home/anonymous/eqlog-steensgaard-analysis-benchmark/benchmarks/coreutils-8.24/df.bc>:quotearg_buffer_restyled:813	</home/anonymous/eqlog-steensgaard-analysis-benchmark/benchmarks/coreutils-8.24/df.bc>:quotearg_buffer_restyled:%227
</home/anonymous/eqlog-steensgaard-analysis-benchmark/benchmarks/coreutils-8.24/df.bc>:quotearg_buffer_restyled:832	</home/anonymous/eqlog-steensgaard-analysis-benchmark/benchmarks/coreutils-8.24/df.bc>:quotearg_buffer_restyled:%233
</home/anonymous/eqlog-steensgaard-analysis-benchmark/benchmarks/coreutils-8.24/df.bc>:quotearg_buffer_restyled:858	</home/anonymous/eqlog-steensgaard-analysis-benchmark/benchmarks/coreutils-8.24/df.bc>:quotearg_buffer_restyled:%241
</home/anonymous/eqlog-steensgaard-analysis-benchmark/benchmarks/coreutils-8.24/df.bc>:quotearg_buffer_restyled:874	</home/anonymous/eqlog-steensgaard-analysis-benchmark/benchmarks/coreutils-8.24/df.bc>:quotearg_buffer_restyled:%247
</home/anonymous/eqlog-steensgaard-analysis-benchmark/benchmarks/coreutils-8.24/df.bc>:quotearg_buffer_restyled:916	</home/anonymous/eqlog-steensgaard-analysis-benchmark/benchmarks/coreutils-8.24/df.bc>:quotearg_buffer_restyled:%262
</home/anonymous/eqlog-steensgaard-analysis-benchmark/benchmarks/coreutils-8.24/df.bc>:quotearg_buffer_restyled:925	</home/anonymous/eqlog-steensgaard-analysis-benchmark/benchmarks/coreutils-8.24/df.bc>:quotearg_buffer_restyled:%264
</home/anonymous/eqlog-steensgaard-analysis-benchmark/benchmarks/coreutils-8.24/df.bc>:quotearg_buffer_restyled:935	</home/anonymous/eqlog-steensgaard-analysis-benchmark/benchmarks/coreutils-8.24/df.bc>:quotearg_buffer_restyled:%268
</home/anonymous/eqlog-steensgaard-analysis-benchmark/benchmarks/coreutils-8.24/df.bc>:quotearg_n_options:79	</home/anonymous/eqlog-steensgaard-analysis-benchmark/benchmarks/coreutils-8.24/df.bc>:quotearg_n_options:%17
</home/anonymous/eqlog-steensgaard-analysis-benchmark/benchmarks/coreutils-8.24/df.bc>:quotearg_n_options:95	</home/anonymous/eqlog-steensgaard-analysis-benchmark/benchmarks/coreutils-8.24/df.bc>:quotearg_n_options:%24
</home/anonymous/eqlog-steensgaard-analysis-benchmark/benchmarks/coreutils-8.24/df.bc>:quotearg_n_options:96	</home/anonymous/eqlog-steensgaard-analysis-benchmark/benchmarks/coreutils-8.24/df.bc>:quotearg_n_options:%arrayidx
</home/anonymous/eqlog-steensgaard-analysis-benchmark/benchmarks/coreutils-8.24/df.bc>:quotearg_n_options:103	</home/anonymous/eqlog-steensgaard-analysis-benchmark/benchmarks/coreutils-8.24/df.bc>:quotearg_n_options:%27
</home/anonymous/eqlog-steensgaard-analysis-benchmark/benchmarks/coreutils-8.24/df.bc>:quotearg_n_options:104	</home/anonymous/eqlog-steensgaard-analysis-benchmark/benchmarks/coreutils-8.24/df.bc>:quotearg_n_options:%arrayidx20
</home/anonymous/eqlog-steensgaard-analysis-benchmark/benchmarks/coreutils-8.24/df.bc>:quotearg_n_options:109	</home/anonymous/eqlog-steensgaard-analysis-benchmark/benchmarks/coreutils-8.24/df.bc>:quotearg_n_options:%29
</home/anonymous/eqlog-steensgaard-analysis-benchmark/benchmarks/coreutils-8.24/df.bc>:quotearg_n_options:119	</home/anonymous/eqlog-steensgaard-analysis-benchmark/benchmarks/coreutils-8.24/df.bc>:quotearg_n_options:%35
</home/anonymous/eqlog-steensgaard-analysis-benchmark/benchmarks/coreutils-8.24/df.bc>:quotearg_n_options:123	</home/anonymous/eqlog-steensgaard-analysis-benchmark/benchmarks/coreutils-8.24/df.bc>:quotearg_n_options:%38
</home/anonymous/eqlog-steensgaard-analysis-benchmark/benchmarks/coreutils-8.24/df.bc>:quotearg_n_options:124	</home/anonymous/eqlog-steensgaard-analysis-benchmark/benchmarks/coreutils-8.24/df.bc>:quotearg_n_options:%quote_these_too
</home/anonymous/eqlog-steensgaard-analysis-benchmark/benchmarks/coreutils-8.24/df.bc>:quotearg_n_options:126	</home/anonymous/eqlog-steensgaard-analysis-benchmark/benchmarks/coreutils-8.24/df.bc>:quotearg_n_options:%39
</home/anonymous/eqlog-steensgaard-analysis-benchmark/benchmarks/coreutils-8.24/df.bc>:quotearg_n_options:129	</home/anonymous/eqlog-steensgaard-analysis-benchmark/benchmarks/coreutils-8.24/df.bc>:quotearg_n_options:%41
</home/anonymous/eqlog-steensgaard-analysis-benchmark/benchmarks/coreutils-8.24/df.bc>:quotearg_n_options:143	</home/anonymous/eqlog-steensgaard-analysis-benchmark/benchmarks/coreutils-8.24/df.bc>:quotearg_n_options:%47
</home/anonymous/eqlog-steensgaard-analysis-benchmark/benchmarks/coreutils-8.24/df.bc>:quotearg_n_options:144	</home/anonymous/eqlog-steensgaard-analysis-benchmark/benchmarks/coreutils-8.24/df.bc>:quotearg_n_options:%arrayidx29
</home/anonymous/eqlog-steensgaard-analysis-benchmark/benchmarks/coreutils-8.24/df.bc>:quotearg_n_options:158	</home/anonymous/eqlog-steensgaard-analysis-benchmark/benchmarks/coreutils-8.24/df.bc>:quotearg_n_options:%52
</home/anonymous/eqlog-steensgaard-analysis-benchmark/benchmarks/coreutils-8.24/df.bc>:quotearg_n_options:159	</home/anonymous/eqlog-steensgaard-analysis-benchmark/benchmarks/coreutils-8.24/df.bc>:quotearg_n_options:%arrayidx37
</home/anonymous/eqlog-steensgaard-analysis-benchmark/benchmarks/coreutils-8.24/df.bc>:quotearg_n_options:166	</home/anonymous/eqlog-steensgaard-analysis-benchmark/benchmarks/coreutils-8.24/df.bc>:quotearg_n_options:%57
</home/anonymous/eqlog-steensgaard-analysis-benchmark/benchmarks/coreutils-8.24/df.bc>:quotearg_n_options:170	</home/anonymous/eqlog-steensgaard-analysis-benchmark/benchmarks/coreutils-8.24/df.bc>:quotearg_n_options:%60
</home/anonymous/eqlog-steensgaard-analysis-benchmark/benchmarks/coreutils-8.24/df.bc>:quotearg_n_options:171	</home/anonymous/eqlog-steensgaard-analysis-benchmark/benchmarks/coreutils-8.24/df.bc>:quotearg_n_options:%quote_these_too40
</home/anonymous/eqlog-steensgaard-analysis-benchmark/benchmarks/coreutils-8.24/df.bc>:quotearg_n_options:173	</home/anonymous/eqlog-steensgaard-analysis-benchmark/benchmarks/coreutils-8.24/df.bc>:quotearg_n_options:%61
</home/anonymous/eqlog-steensgaard-analysis-benchmark/benchmarks/coreutils-8.24/df.bc>:quotearg_n_options:176	</home/anonymous/eqlog-steensgaard-analysis-benchmark/benchmarks/coreutils-8.24/df.bc>:quotearg_n_options:%63
</home/anonymous/eqlog-steensgaard-analysis-benchmark/benchmarks/coreutils-8.24/df.bc>:quoting_options_from_style:13	</home/anonymous/eqlog-steensgaard-analysis-benchmark/benchmarks/coreutils-8.24/df.bc>:quoting_options_from_style:%o
</home/anonymous/eqlog-steensgaard-analysis-benchmark/benchmarks/coreutils-8.24/df.bc>:gettext_quote:28	</home/anonymous/eqlog-steensgaard-analysis-benchmark/benchmarks/coreutils-8.24/df.bc>:gettext_quote:%5
</home/anonymous/eqlog-steensgaard-analysis-benchmark/benchmarks/coreutils-8.24/df.bc>:gettext_quote:40	</home/anonymous/eqlog-steensgaard-analysis-benchmark/benchmarks/coreutils-8.24/df.bc>:gettext_quote:%8
</home/anonymous/eqlog-steensgaard-analysis-benchmark/benchmarks/coreutils-8.24/df.bc>:same_name:85	</home/anonymous/eqlog-steensgaard-analysis-benchmark/benchmarks/coreutils-8.24/df.bc>:same_name:%source_dir_stats
</home/anonymous/eqlog-steensgaard-analysis-benchmark/benchmarks/coreutils-8.24/df.bc>:same_name:87	</home/anonymous/eqlog-steensgaard-analysis-benchmark/benchmarks/coreutils-8.24/df.bc>:same_name:%dest_dir_stats
</home/anonymous/eqlog-steensgaard-analysis-benchmark/benchmarks/coreutils-8.24/df.bc>:same_name:91	</home/anonymous/eqlog-steensgaard-analysis-benchmark/benchmarks/coreutils-8.24/df.bc>:same_name:%source_dir_stats
</home/anonymous/eqlog-steensgaard-analysis-benchmark/benchmarks/coreutils-8.24/df.bc>:same_name:93	</home/anonymous/eqlog-steensgaard-analysis-benchmark/benchmarks/coreutils-8.24/df.bc>:same_name:%dest_dir_stats
</home/anonymous/eqlog-steensgaard-analysis-benchmark/benchmarks/coreutils-8.24/df.bc>:save_cwd:5	</home/anonymous/eqlog-steensgaard-analysis-benchmark/benchmarks/coreutils-8.24/df.bc>:save_cwd:%0
</home/anonymous/eqlog-steensgaard-analysis-benchmark/benchmarks/coreutils-8.24/df.bc>:save_cwd:9	</home/anonymous/eqlog-steensgaard-analysis-benchmark/benchmarks/coreutils-8.24/df.bc>:save_cwd:%1
</home/anonymous/eqlog-steensgaard-analysis-benchmark/benchmarks/coreutils-8.24/df.bc>:save_cwd:12	</home/anonymous/eqlog-steensgaard-analysis-benchmark/benchmarks/coreutils-8.24/df.bc>:save_cwd:%2
</home/anonymous/eqlog-steensgaard-analysis-benchmark/benchmarks/coreutils-8.24/df.bc>:save_cwd:18	</home/anonymous/eqlog-steensgaard-analysis-benchmark/benchmarks/coreutils-8.24/df.bc>:save_cwd:%4
</home/anonymous/eqlog-steensgaard-analysis-benchmark/benchmarks/coreutils-8.24/df.bc>:save_cwd:21	</home/anonymous/eqlog-steensgaard-analysis-benchmark/benchmarks/coreutils-8.24/df.bc>:save_cwd:%5
</home/anonymous/eqlog-steensgaard-analysis-benchmark/benchmarks/coreutils-8.24/df.bc>:save_cwd:28	</home/anonymous/eqlog-steensgaard-analysis-benchmark/benchmarks/coreutils-8.24/df.bc>:save_cwd:%7
</home/anonymous/eqlog-steensgaard-analysis-benchmark/benchmarks/coreutils-8.24/df.bc>:restore_cwd:5	</home/anonymous/eqlog-steensgaard-analysis-benchmark/benchmarks/coreutils-8.24/df.bc>:restore_cwd:%0
</home/anonymous/eqlog-steensgaard-analysis-benchmark/benchmarks/coreutils-8.24/df.bc>:restore_cwd:10	</home/anonymous/eqlog-steensgaard-analysis-benchmark/benchmarks/coreutils-8.24/df.bc>:restore_cwd:%2
</home/anonymous/eqlog-steensgaard-analysis-benchmark/benchmarks/coreutils-8.24/df.bc>:restore_cwd:16	</home/anonymous/eqlog-steensgaard-analysis-benchmark/benchmarks/coreutils-8.24/df.bc>:restore_cwd:%4
</home/anonymous/eqlog-steensgaard-analysis-benchmark/benchmarks/coreutils-8.24/df.bc>:free_cwd:4	</home/anonymous/eqlog-steensgaard-analysis-benchmark/benchmarks/coreutils-8.24/df.bc>:free_cwd:%0
</home/anonymous/eqlog-steensgaard-analysis-benchmark/benchmarks/coreutils-8.24/df.bc>:free_cwd:9	</home/anonymous/eqlog-steensgaard-analysis-benchmark/benchmarks/coreutils-8.24/df.bc>:free_cwd:%2
</home/anonymous/eqlog-steensgaard-analysis-benchmark/benchmarks/coreutils-8.24/df.bc>:free_cwd:14	</home/anonymous/eqlog-steensgaard-analysis-benchmark/benchmarks/coreutils-8.24/df.bc>:free_cwd:%4
</home/anonymous/eqlog-steensgaard-analysis-benchmark/benchmarks/coreutils-8.24/df.bc>:trim2:28	</home/anonymous/eqlog-steensgaard-analysis-benchmark/benchmarks/coreutils-8.24/df.bc>:trim2:%i
</home/anonymous/eqlog-steensgaard-analysis-benchmark/benchmarks/coreutils-8.24/df.bc>:trim2:29	</home/anonymous/eqlog-steensgaard-analysis-benchmark/benchmarks/coreutils-8.24/df.bc>:trim2:%cur
</home/anonymous/eqlog-steensgaard-analysis-benchmark/benchmarks/coreutils-8.24/df.bc>:trim2:31	</home/anonymous/eqlog-steensgaard-analysis-benchmark/benchmarks/coreutils-8.24/df.bc>:trim2:%i
</home/anonymous/eqlog-steensgaard-analysis-benchmark/benchmarks/coreutils-8.24/df.bc>:trim2:32	</home/anonymous/eqlog-steensgaard-analysis-benchmark/benchmarks/coreutils-8.24/df.bc>:trim2:%cur5
</home/anonymous/eqlog-steensgaard-analysis-benchmark/benchmarks/coreutils-8.24/df.bc>:trim2:36	</home/anonymous/eqlog-steensgaard-analysis-benchmark/benchmarks/coreutils-8.24/df.bc>:trim2:%4
</home/anonymous/eqlog-steensgaard-analysis-benchmark/benchmarks/coreutils-8.24/df.bc>:trim2:37	</home/anonymous/eqlog-steensgaard-analysis-benchmark/benchmarks/coreutils-8.24/df.bc>:trim2:%i
</home/anonymous/eqlog-steensgaard-analysis-benchmark/benchmarks/coreutils-8.24/df.bc>:trim2:39	</home/anonymous/eqlog-steensgaard-analysis-benchmark/benchmarks/coreutils-8.24/df.bc>:trim2:%i
</home/anonymous/eqlog-steensgaard-analysis-benchmark/benchmarks/coreutils-8.24/df.bc>:trim2:41	</home/anonymous/eqlog-steensgaard-analysis-benchmark/benchmarks/coreutils-8.24/df.bc>:trim2:%i
</home/anonymous/eqlog-steensgaard-analysis-benchmark/benchmarks/coreutils-8.24/df.bc>:trim2:44	</home/anonymous/eqlog-steensgaard-analysis-benchmark/benchmarks/coreutils-8.24/df.bc>:trim2:%i
</home/anonymous/eqlog-steensgaard-analysis-benchmark/benchmarks/coreutils-8.24/df.bc>:trim2:47	</home/anonymous/eqlog-steensgaard-analysis-benchmark/benchmarks/coreutils-8.24/df.bc>:trim2:%i
</home/anonymous/eqlog-steensgaard-analysis-benchmark/benchmarks/coreutils-8.24/df.bc>:trim2:48	</home/anonymous/eqlog-steensgaard-analysis-benchmark/benchmarks/coreutils-8.24/df.bc>:trim2:%cur8
</home/anonymous/eqlog-steensgaard-analysis-benchmark/benchmarks/coreutils-8.24/df.bc>:trim2:50	</home/anonymous/eqlog-steensgaard-analysis-benchmark/benchmarks/coreutils-8.24/df.bc>:trim2:%i
</home/anonymous/eqlog-steensgaard-analysis-benchmark/benchmarks/coreutils-8.24/df.bc>:trim2:56	</home/anonymous/eqlog-steensgaard-analysis-benchmark/benchmarks/coreutils-8.24/df.bc>:trim2:%i
</home/anonymous/eqlog-steensgaard-analysis-benchmark/benchmarks/coreutils-8.24/df.bc>:trim2:57	</home/anonymous/eqlog-steensgaard-analysis-benchmark/benchmarks/coreutils-8.24/df.bc>:trim2:%cur12
</home/anonymous/eqlog-steensgaard-analysis-benchmark/benchmarks/coreutils-8.24/df.bc>:trim2:61	</home/anonymous/eqlog-steensgaard-analysis-benchmark/benchmarks/coreutils-8.24/df.bc>:trim2:%i
</home/anonymous/eqlog-steensgaard-analysis-benchmark/benchmarks/coreutils-8.24/df.bc>:trim2:62	</home/anonymous/eqlog-steensgaard-analysis-benchmark/benchmarks/coreutils-8.24/df.bc>:trim2:%cur15
</home/anonymous/eqlog-steensgaard-analysis-benchmark/benchmarks/coreutils-8.24/df.bc>:trim2:72	</home/anonymous/eqlog-steensgaard-analysis-benchmark/benchmarks/coreutils-8.24/df.bc>:trim2:%i
</home/anonymous/eqlog-steensgaard-analysis-benchmark/benchmarks/coreutils-8.24/df.bc>:trim2:73	</home/anonymous/eqlog-steensgaard-analysis-benchmark/benchmarks/coreutils-8.24/df.bc>:trim2:%cur19
</home/anonymous/eqlog-steensgaard-analysis-benchmark/benchmarks/coreutils-8.24/df.bc>:trim2:75	</home/anonymous/eqlog-steensgaard-analysis-benchmark/benchmarks/coreutils-8.24/df.bc>:trim2:%i
</home/anonymous/eqlog-steensgaard-analysis-benchmark/benchmarks/coreutils-8.24/df.bc>:trim2:76	</home/anonymous/eqlog-steensgaard-analysis-benchmark/benchmarks/coreutils-8.24/df.bc>:trim2:%cur20
</home/anonymous/eqlog-steensgaard-analysis-benchmark/benchmarks/coreutils-8.24/df.bc>:trim2:78	</home/anonymous/eqlog-steensgaard-analysis-benchmark/benchmarks/coreutils-8.24/df.bc>:trim2:%14
</home/anonymous/eqlog-steensgaard-analysis-benchmark/benchmarks/coreutils-8.24/df.bc>:trim2:80	</home/anonymous/eqlog-steensgaard-analysis-benchmark/benchmarks/coreutils-8.24/df.bc>:trim2:%i
</home/anonymous/eqlog-steensgaard-analysis-benchmark/benchmarks/coreutils-8.24/df.bc>:trim2:84	</home/anonymous/eqlog-steensgaard-analysis-benchmark/benchmarks/coreutils-8.24/df.bc>:trim2:%i
</home/anonymous/eqlog-steensgaard-analysis-benchmark/benchmarks/coreutils-8.24/df.bc>:trim2:85	</home/anonymous/eqlog-steensgaard-analysis-benchmark/benchmarks/coreutils-8.24/df.bc>:trim2:%cur24
</home/anonymous/eqlog-steensgaard-analysis-benchmark/benchmarks/coreutils-8.24/df.bc>:trim2:87	</home/anonymous/eqlog-steensgaard-analysis-benchmark/benchmarks/coreutils-8.24/df.bc>:trim2:%i
</home/anonymous/eqlog-steensgaard-analysis-benchmark/benchmarks/coreutils-8.24/df.bc>:trim2:88	</home/anonymous/eqlog-steensgaard-analysis-benchmark/benchmarks/coreutils-8.24/df.bc>:trim2:%cur26
</home/anonymous/eqlog-steensgaard-analysis-benchmark/benchmarks/coreutils-8.24/df.bc>:trim2:101	</home/anonymous/eqlog-steensgaard-analysis-benchmark/benchmarks/coreutils-8.24/df.bc>:trim2:%i
</home/anonymous/eqlog-steensgaard-analysis-benchmark/benchmarks/coreutils-8.24/df.bc>:trim2:102	</home/anonymous/eqlog-steensgaard-analysis-benchmark/benchmarks/coreutils-8.24/df.bc>:trim2:%cur33
</home/anonymous/eqlog-steensgaard-analysis-benchmark/benchmarks/coreutils-8.24/df.bc>:trim2:104	</home/anonymous/eqlog-steensgaard-analysis-benchmark/benchmarks/coreutils-8.24/df.bc>:trim2:%i
</home/anonymous/eqlog-steensgaard-analysis-benchmark/benchmarks/coreutils-8.24/df.bc>:trim2:105	</home/anonymous/eqlog-steensgaard-analysis-benchmark/benchmarks/coreutils-8.24/df.bc>:trim2:%cur35
</home/anonymous/eqlog-steensgaard-analysis-benchmark/benchmarks/coreutils-8.24/df.bc>:trim2:109	</home/anonymous/eqlog-steensgaard-analysis-benchmark/benchmarks/coreutils-8.24/df.bc>:trim2:%20
</home/anonymous/eqlog-steensgaard-analysis-benchmark/benchmarks/coreutils-8.24/df.bc>:trim2:110	</home/anonymous/eqlog-steensgaard-analysis-benchmark/benchmarks/coreutils-8.24/df.bc>:trim2:%i
</home/anonymous/eqlog-steensgaard-analysis-benchmark/benchmarks/coreutils-8.24/df.bc>:trim2:112	</home/anonymous/eqlog-steensgaard-analysis-benchmark/benchmarks/coreutils-8.24/df.bc>:trim2:%i
</home/anonymous/eqlog-steensgaard-analysis-benchmark/benchmarks/coreutils-8.24/df.bc>:trim2:114	</home/anonymous/eqlog-steensgaard-analysis-benchmark/benchmarks/coreutils-8.24/df.bc>:trim2:%i
</home/anonymous/eqlog-steensgaard-analysis-benchmark/benchmarks/coreutils-8.24/df.bc>:trim2:117	</home/anonymous/eqlog-steensgaard-analysis-benchmark/benchmarks/coreutils-8.24/df.bc>:trim2:%i
</home/anonymous/eqlog-steensgaard-analysis-benchmark/benchmarks/coreutils-8.24/df.bc>:trim2:120	</home/anonymous/eqlog-steensgaard-analysis-benchmark/benchmarks/coreutils-8.24/df.bc>:trim2:%i
</home/anonymous/eqlog-steensgaard-analysis-benchmark/benchmarks/coreutils-8.24/df.bc>:trim2:121	</home/anonymous/eqlog-steensgaard-analysis-benchmark/benchmarks/coreutils-8.24/df.bc>:trim2:%cur44
</home/anonymous/eqlog-steensgaard-analysis-benchmark/benchmarks/coreutils-8.24/df.bc>:trim2:123	</home/anonymous/eqlog-steensgaard-analysis-benchmark/benchmarks/coreutils-8.24/df.bc>:trim2:%i
</home/anonymous/eqlog-steensgaard-analysis-benchmark/benchmarks/coreutils-8.24/df.bc>:trim2:134	</home/anonymous/eqlog-steensgaard-analysis-benchmark/benchmarks/coreutils-8.24/df.bc>:trim2:%i
</home/anonymous/eqlog-steensgaard-analysis-benchmark/benchmarks/coreutils-8.24/df.bc>:trim2:135	</home/anonymous/eqlog-steensgaard-analysis-benchmark/benchmarks/coreutils-8.24/df.bc>:trim2:%cur53
</home/anonymous/eqlog-steensgaard-analysis-benchmark/benchmarks/coreutils-8.24/df.bc>:trim2:139	</home/anonymous/eqlog-steensgaard-analysis-benchmark/benchmarks/coreutils-8.24/df.bc>:trim2:%i
</home/anonymous/eqlog-steensgaard-analysis-benchmark/benchmarks/coreutils-8.24/df.bc>:trim2:140	</home/anonymous/eqlog-steensgaard-analysis-benchmark/benchmarks/coreutils-8.24/df.bc>:trim2:%cur57
</home/anonymous/eqlog-steensgaard-analysis-benchmark/benchmarks/coreutils-8.24/df.bc>:trim2:149	</home/anonymous/eqlog-steensgaard-analysis-benchmark/benchmarks/coreutils-8.24/df.bc>:trim2:%i
</home/anonymous/eqlog-steensgaard-analysis-benchmark/benchmarks/coreutils-8.24/df.bc>:trim2:150	</home/anonymous/eqlog-steensgaard-analysis-benchmark/benchmarks/coreutils-8.24/df.bc>:trim2:%cur65
</home/anonymous/eqlog-steensgaard-analysis-benchmark/benchmarks/coreutils-8.24/df.bc>:trim2:154	</home/anonymous/eqlog-steensgaard-analysis-benchmark/benchmarks/coreutils-8.24/df.bc>:trim2:%i
</home/anonymous/eqlog-steensgaard-analysis-benchmark/benchmarks/coreutils-8.24/df.bc>:trim2:155	</home/anonymous/eqlog-steensgaard-analysis-benchmark/benchmarks/coreutils-8.24/df.bc>:trim2:%cur69
</home/anonymous/eqlog-steensgaard-analysis-benchmark/benchmarks/coreutils-8.24/df.bc>:trim2:165	</home/anonymous/eqlog-steensgaard-analysis-benchmark/benchmarks/coreutils-8.24/df.bc>:trim2:%i
</home/anonymous/eqlog-steensgaard-analysis-benchmark/benchmarks/coreutils-8.24/df.bc>:trim2:166	</home/anonymous/eqlog-steensgaard-analysis-benchmark/benchmarks/coreutils-8.24/df.bc>:trim2:%cur77
</home/anonymous/eqlog-steensgaard-analysis-benchmark/benchmarks/coreutils-8.24/df.bc>:trim2:170	</home/anonymous/eqlog-steensgaard-analysis-benchmark/benchmarks/coreutils-8.24/df.bc>:trim2:%i
</home/anonymous/eqlog-steensgaard-analysis-benchmark/benchmarks/coreutils-8.24/df.bc>:trim2:171	</home/anonymous/eqlog-steensgaard-analysis-benchmark/benchmarks/coreutils-8.24/df.bc>:trim2:%cur81
</home/anonymous/eqlog-steensgaard-analysis-benchmark/benchmarks/coreutils-8.24/df.bc>:trim2:180	</home/anonymous/eqlog-steensgaard-analysis-benchmark/benchmarks/coreutils-8.24/df.bc>:trim2:%i
</home/anonymous/eqlog-steensgaard-analysis-benchmark/benchmarks/coreutils-8.24/df.bc>:trim2:181	</home/anonymous/eqlog-steensgaard-analysis-benchmark/benchmarks/coreutils-8.24/df.bc>:trim2:%cur89
</home/anonymous/eqlog-steensgaard-analysis-benchmark/benchmarks/coreutils-8.24/df.bc>:trim2:185	</home/anonymous/eqlog-steensgaard-analysis-benchmark/benchmarks/coreutils-8.24/df.bc>:trim2:%i
</home/anonymous/eqlog-steensgaard-analysis-benchmark/benchmarks/coreutils-8.24/df.bc>:trim2:186	</home/anonymous/eqlog-steensgaard-analysis-benchmark/benchmarks/coreutils-8.24/df.bc>:trim2:%cur93
</home/anonymous/eqlog-steensgaard-analysis-benchmark/benchmarks/coreutils-8.24/df.bc>:trim2:192	</home/anonymous/eqlog-steensgaard-analysis-benchmark/benchmarks/coreutils-8.24/df.bc>:trim2:%i
</home/anonymous/eqlog-steensgaard-analysis-benchmark/benchmarks/coreutils-8.24/df.bc>:trim2:193	</home/anonymous/eqlog-steensgaard-analysis-benchmark/benchmarks/coreutils-8.24/df.bc>:trim2:%cur98
</home/anonymous/eqlog-steensgaard-analysis-benchmark/benchmarks/coreutils-8.24/df.bc>:trim2:200	</home/anonymous/eqlog-steensgaard-analysis-benchmark/benchmarks/coreutils-8.24/df.bc>:trim2:%i
</home/anonymous/eqlog-steensgaard-analysis-benchmark/benchmarks/coreutils-8.24/df.bc>:trim2:201	</home/anonymous/eqlog-steensgaard-analysis-benchmark/benchmarks/coreutils-8.24/df.bc>:trim2:%cur102
</home/anonymous/eqlog-steensgaard-analysis-benchmark/benchmarks/coreutils-8.24/df.bc>:trim2:205	</home/anonymous/eqlog-steensgaard-analysis-benchmark/benchmarks/coreutils-8.24/df.bc>:trim2:%i
</home/anonymous/eqlog-steensgaard-analysis-benchmark/benchmarks/coreutils-8.24/df.bc>:trim2:206	</home/anonymous/eqlog-steensgaard-analysis-benchmark/benchmarks/coreutils-8.24/df.bc>:trim2:%cur106
</home/anonymous/eqlog-steensgaard-analysis-benchmark/benchmarks/coreutils-8.24/df.bc>:trim2:216	</home/anonymous/eqlog-steensgaard-analysis-benchmark/benchmarks/coreutils-8.24/df.bc>:trim2:%i
</home/anonymous/eqlog-steensgaard-analysis-benchmark/benchmarks/coreutils-8.24/df.bc>:trim2:217	</home/anonymous/eqlog-steensgaard-analysis-benchmark/benchmarks/coreutils-8.24/df.bc>:trim2:%cur115
</home/anonymous/eqlog-steensgaard-analysis-benchmark/benchmarks/coreutils-8.24/df.bc>:trim2:219	</home/anonymous/eqlog-steensgaard-analysis-benchmark/benchmarks/coreutils-8.24/df.bc>:trim2:%i
</home/anonymous/eqlog-steensgaard-analysis-benchmark/benchmarks/coreutils-8.24/df.bc>:trim2:220	</home/anonymous/eqlog-steensgaard-analysis-benchmark/benchmarks/coreutils-8.24/df.bc>:trim2:%cur117
</home/anonymous/eqlog-steensgaard-analysis-benchmark/benchmarks/coreutils-8.24/df.bc>:trim2:222	</home/anonymous/eqlog-steensgaard-analysis-benchmark/benchmarks/coreutils-8.24/df.bc>:trim2:%43
</home/anonymous/eqlog-steensgaard-analysis-benchmark/benchmarks/coreutils-8.24/df.bc>:trim2:224	</home/anonymous/eqlog-steensgaard-analysis-benchmark/benchmarks/coreutils-8.24/df.bc>:trim2:%i
</home/anonymous/eqlog-steensgaard-analysis-benchmark/benchmarks/coreutils-8.24/df.bc>:trim2:253	</home/anonymous/eqlog-steensgaard-analysis-benchmark/benchmarks/coreutils-8.24/df.bc>:trim2:%52
</home/anonymous/eqlog-steensgaard-analysis-benchmark/benchmarks/coreutils-8.24/df.bc>:trim2:263	</home/anonymous/eqlog-steensgaard-analysis-benchmark/benchmarks/coreutils-8.24/df.bc>:trim2:%55
</home/anonymous/eqlog-steensgaard-analysis-benchmark/benchmarks/coreutils-8.24/df.bc>:trim2:279	</home/anonymous/eqlog-steensgaard-analysis-benchmark/benchmarks/coreutils-8.24/df.bc>:trim2:%60
</home/anonymous/eqlog-steensgaard-analysis-benchmark/benchmarks/coreutils-8.24/df.bc>:trim2:280	</home/anonymous/eqlog-steensgaard-analysis-benchmark/benchmarks/coreutils-8.24/df.bc>:trim2:%add.ptr147
</home/anonymous/eqlog-steensgaard-analysis-benchmark/benchmarks/coreutils-8.24/df.bc>:trim2:293	</home/anonymous/eqlog-steensgaard-analysis-benchmark/benchmarks/coreutils-8.24/df.bc>:trim2:%66
</home/anonymous/eqlog-steensgaard-analysis-benchmark/benchmarks/coreutils-8.24/df.bc>:trim2:305	</home/anonymous/eqlog-steensgaard-analysis-benchmark/benchmarks/coreutils-8.24/df.bc>:trim2:%70
</home/anonymous/eqlog-steensgaard-analysis-benchmark/benchmarks/coreutils-8.24/df.bc>:version_etc_arn:45	</home/anonymous/eqlog-steensgaard-analysis-benchmark/benchmarks/coreutils-8.24/df.bc>:version_etc_arn:%12
</home/anonymous/eqlog-steensgaard-analysis-benchmark/benchmarks/coreutils-8.24/df.bc>:version_etc_arn:52	</home/anonymous/eqlog-steensgaard-analysis-benchmark/benchmarks/coreutils-8.24/df.bc>:version_etc_arn:%15
</home/anonymous/eqlog-steensgaard-analysis-benchmark/benchmarks/coreutils-8.24/df.bc>:version_etc_arn:55	</home/anonymous/eqlog-steensgaard-analysis-benchmark/benchmarks/coreutils-8.24/df.bc>:version_etc_arn:%17
</home/anonymous/eqlog-steensgaard-analysis-benchmark/benchmarks/coreutils-8.24/df.bc>:version_etc_arn:62	</home/anonymous/eqlog-steensgaard-analysis-benchmark/benchmarks/coreutils-8.24/df.bc>:version_etc_arn:%20
</home/anonymous/eqlog-steensgaard-analysis-benchmark/benchmarks/coreutils-8.24/df.bc>:version_etc_arn:65	</home/anonymous/eqlog-steensgaard-analysis-benchmark/benchmarks/coreutils-8.24/df.bc>:version_etc_arn:%22
</home/anonymous/eqlog-steensgaard-analysis-benchmark/benchmarks/coreutils-8.24/df.bc>:version_etc_arn:68	</home/anonymous/eqlog-steensgaard-analysis-benchmark/benchmarks/coreutils-8.24/df.bc>:version_etc_arn:%24
</home/anonymous/eqlog-steensgaard-analysis-benchmark/benchmarks/coreutils-8.24/df.bc>:version_etc_arn:75	</home/anonymous/eqlog-steensgaard-analysis-benchmark/benchmarks/coreutils-8.24/df.bc>:version_etc_arn:%27
</home/anonymous/eqlog-steensgaard-analysis-benchmark/benchmarks/coreutils-8.24/df.bc>:version_etc_arn:78	</home/anonymous/eqlog-steensgaard-analysis-benchmark/benchmarks/coreutils-8.24/df.bc>:version_etc_arn:%29
</home/anonymous/eqlog-steensgaard-analysis-benchmark/benchmarks/coreutils-8.24/df.bc>:version_etc_arn:81	</home/anonymous/eqlog-steensgaard-analysis-benchmark/benchmarks/coreutils-8.24/df.bc>:version_etc_arn:%31
</home/anonymous/eqlog-steensgaard-analysis-benchmark/benchmarks/coreutils-8.24/df.bc>:version_etc_arn:84	</home/anonymous/eqlog-steensgaard-analysis-benchmark/benchmarks/coreutils-8.24/df.bc>:version_etc_arn:%33
</home/anonymous/eqlog-steensgaard-analysis-benchmark/benchmarks/coreutils-8.24/df.bc>:version_etc_arn:91	</home/anonymous/eqlog-steensgaard-analysis-benchmark/benchmarks/coreutils-8.24/df.bc>:version_etc_arn:%36
</home/anonymous/eqlog-steensgaard-analysis-benchmark/benchmarks/coreutils-8.24/df.bc>:version_etc_arn:94	</home/anonymous/eqlog-steensgaard-analysis-benchmark/benchmarks/coreutils-8.24/df.bc>:version_etc_arn:%38
</home/anonymous/eqlog-steensgaard-analysis-benchmark/benchmarks/coreutils-8.24/df.bc>:version_etc_arn:97	</home/anonymous/eqlog-steensgaard-analysis-benchmark/benchmarks/coreutils-8.24/df.bc>:version_etc_arn:%40
</home/anonymous/eqlog-steensgaard-analysis-benchmark/benchmarks/coreutils-8.24/df.bc>:version_etc_arn:100	</home/anonymous/eqlog-steensgaard-analysis-benchmark/benchmarks/coreutils-8.24/df.bc>:version_etc_arn:%42
</home/anonymous/eqlog-steensgaard-analysis-benchmark/benchmarks/coreutils-8.24/df.bc>:version_etc_arn:103	</home/anonymous/eqlog-steensgaard-analysis-benchmark/benchmarks/coreutils-8.24/df.bc>:version_etc_arn:%44
</home/anonymous/eqlog-steensgaard-analysis-benchmark/benchmarks/coreutils-8.24/df.bc>:version_etc_arn:110	</home/anonymous/eqlog-steensgaard-analysis-benchmark/benchmarks/coreutils-8.24/df.bc>:version_etc_arn:%47
</home/anonymous/eqlog-steensgaard-analysis-benchmark/benchmarks/coreutils-8.24/df.bc>:version_etc_arn:113	</home/anonymous/eqlog-steensgaard-analysis-benchmark/benchmarks/coreutils-8.24/df.bc>:version_etc_arn:%49
</home/anonymous/eqlog-steensgaard-analysis-benchmark/benchmarks/coreutils-8.24/df.bc>:version_etc_arn:116	</home/anonymous/eqlog-steensgaard-analysis-benchmark/benchmarks/coreutils-8.24/df.bc>:version_etc_arn:%51
</home/anonymous/eqlog-steensgaard-analysis-benchmark/benchmarks/coreutils-8.24/df.bc>:version_etc_arn:119	</home/anonymous/eqlog-steensgaard-analysis-benchmark/benchmarks/coreutils-8.24/df.bc>:version_etc_arn:%53
</home/anonymous/eqlog-steensgaard-analysis-benchmark/benchmarks/coreutils-8.24/df.bc>:version_etc_arn:122	</home/anonymous/eqlog-steensgaard-analysis-benchmark/benchmarks/coreutils-8.24/df.bc>:version_etc_arn:%55
</home/anonymous/eqlog-steensgaard-analysis-benchmark/benchmarks/coreutils-8.24/df.bc>:version_etc_arn:125	</home/anonymous/eqlog-steensgaard-analysis-benchmark/benchmarks/coreutils-8.24/df.bc>:version_etc_arn:%57
</home/anonymous/eqlog-steensgaard-analysis-benchmark/benchmarks/coreutils-8.24/df.bc>:version_etc_arn:132	</home/anonymous/eqlog-steensgaard-analysis-benchmark/benchmarks/coreutils-8.24/df.bc>:version_etc_arn:%60
</home/anonymous/eqlog-steensgaard-analysis-benchmark/benchmarks/coreutils-8.24/df.bc>:version_etc_arn:135	</home/anonymous/eqlog-steensgaard-analysis-benchmark/benchmarks/coreutils-8.24/df.bc>:version_etc_arn:%62
</home/anonymous/eqlog-steensgaard-analysis-benchmark/benchmarks/coreutils-8.24/df.bc>:version_etc_arn:138	</home/anonymous/eqlog-steensgaard-analysis-benchmark/benchmarks/coreutils-8.24/df.bc>:version_etc_arn:%64
</home/anonymous/eqlog-steensgaard-analysis-benchmark/benchmarks/coreutils-8.24/df.bc>:version_etc_arn:141	</home/anonymous/eqlog-steensgaard-analysis-benchmark/benchmarks/coreutils-8.24/df.bc>:version_etc_arn:%66
</home/anonymous/eqlog-steensgaard-analysis-benchmark/benchmarks/coreutils-8.24/df.bc>:version_etc_arn:144	</home/anonymous/eqlog-steensgaard-analysis-benchmark/benchmarks/coreutils-8.24/df.bc>:version_etc_arn:%68
</home/anonymous/eqlog-steensgaard-analysis-benchmark/benchmarks/coreutils-8.24/df.bc>:version_etc_arn:147	</home/anonymous/eqlog-steensgaard-analysis-benchmark/benchmarks/coreutils-8.24/df.bc>:version_etc_arn:%70
</home/anonymous/eqlog-steensgaard-analysis-benchmark/benchmarks/coreutils-8.24/df.bc>:version_etc_arn:150	</home/anonymous/eqlog-steensgaard-analysis-benchmark/benchmarks/coreutils-8.24/df.bc>:version_etc_arn:%72
</home/anonymous/eqlog-steensgaard-analysis-benchmark/benchmarks/coreutils-8.24/df.bc>:version_etc_arn:157	</home/anonymous/eqlog-steensgaard-analysis-benchmark/benchmarks/coreutils-8.24/df.bc>:version_etc_arn:%75
</home/anonymous/eqlog-steensgaard-analysis-benchmark/benchmarks/coreutils-8.24/df.bc>:version_etc_arn:160	</home/anonymous/eqlog-steensgaard-analysis-benchmark/benchmarks/coreutils-8.24/df.bc>:version_etc_arn:%77
</home/anonymous/eqlog-steensgaard-analysis-benchmark/benchmarks/coreutils-8.24/df.bc>:version_etc_arn:163	</home/anonymous/eqlog-steensgaard-analysis-benchmark/benchmarks/coreutils-8.24/df.bc>:version_etc_arn:%79
</home/anonymous/eqlog-steensgaard-analysis-benchmark/benchmarks/coreutils-8.24/df.bc>:version_etc_arn:166	</home/anonymous/eqlog-steensgaard-analysis-benchmark/benchmarks/coreutils-8.24/df.bc>:version_etc_arn:%81
</home/anonymous/eqlog-steensgaard-analysis-benchmark/benchmarks/coreutils-8.24/df.bc>:version_etc_arn:169	</home/anonymous/eqlog-steensgaard-analysis-benchmark/benchmarks/coreutils-8.24/df.bc>:version_etc_arn:%83
</home/anonymous/eqlog-steensgaard-analysis-benchmark/benchmarks/coreutils-8.24/df.bc>:version_etc_arn:172	</home/anonymous/eqlog-steensgaard-analysis-benchmark/benchmarks/coreutils-8.24/df.bc>:version_etc_arn:%85
</home/anonymous/eqlog-steensgaard-analysis-benchmark/benchmarks/coreutils-8.24/df.bc>:version_etc_arn:175	</home/anonymous/eqlog-steensgaard-analysis-benchmark/benchmarks/coreutils-8.24/df.bc>:version_etc_arn:%87
</home/anonymous/eqlog-steensgaard-analysis-benchmark/benchmarks/coreutils-8.24/df.bc>:version_etc_arn:178	</home/anonymous/eqlog-steensgaard-analysis-benchmark/benchmarks/coreutils-8.24/df.bc>:version_etc_arn:%89
</home/anonymous/eqlog-steensgaard-analysis-benchmark/benchmarks/coreutils-8.24/df.bc>:version_etc_arn:185	</home/anonymous/eqlog-steensgaard-analysis-benchmark/benchmarks/coreutils-8.24/df.bc>:version_etc_arn:%92
</home/anonymous/eqlog-steensgaard-analysis-benchmark/benchmarks/coreutils-8.24/df.bc>:version_etc_arn:188	</home/anonymous/eqlog-steensgaard-analysis-benchmark/benchmarks/coreutils-8.24/df.bc>:version_etc_arn:%94
</home/anonymous/eqlog-steensgaard-analysis-benchmark/benchmarks/coreutils-8.24/df.bc>:version_etc_arn:191	</home/anonymous/eqlog-steensgaard-analysis-benchmark/benchmarks/coreutils-8.24/df.bc>:version_etc_arn:%96
</home/anonymous/eqlog-steensgaard-analysis-benchmark/benchmarks/coreutils-8.24/df.bc>:version_etc_arn:194	</home/anonymous/eqlog-steensgaard-analysis-benchmark/benchmarks/coreutils-8.24/df.bc>:version_etc_arn:%98
</home/anonymous/eqlog-steensgaard-analysis-benchmark/benchmarks/coreutils-8.24/df.bc>:version_etc_arn:197	</home/anonymous/eqlog-steensgaard-analysis-benchmark/benchmarks/coreutils-8.24/df.bc>:version_etc_arn:%100
</home/anonymous/eqlog-steensgaard-analysis-benchmark/benchmarks/coreutils-8.24/df.bc>:version_etc_arn:200	</home/anonymous/eqlog-steensgaard-analysis-benchmark/benchmarks/coreutils-8.24/df.bc>:version_etc_arn:%102
</home/anonymous/eqlog-steensgaard-analysis-benchmark/benchmarks/coreutils-8.24/df.bc>:version_etc_arn:203	</home/anonymous/eqlog-steensgaard-analysis-benchmark/benchmarks/coreutils-8.24/df.bc>:version_etc_arn:%104
</home/anonymous/eqlog-steensgaard-analysis-benchmark/benchmarks/coreutils-8.24/df.bc>:version_etc_arn:206	</home/anonymous/eqlog-steensgaard-analysis-benchmark/benchmarks/coreutils-8.24/df.bc>:version_etc_arn:%106
</home/anonymous/eqlog-steensgaard-analysis-benchmark/benchmarks/coreutils-8.24/df.bc>:version_etc_arn:209	</home/anonymous/eqlog-steensgaard-analysis-benchmark/benchmarks/coreutils-8.24/df.bc>:version_etc_arn:%108
</home/anonymous/eqlog-steensgaard-analysis-benchmark/benchmarks/coreutils-8.24/df.bc>:version_etc_arn:216	</home/anonymous/eqlog-steensgaard-analysis-benchmark/benchmarks/coreutils-8.24/df.bc>:version_etc_arn:%111
</home/anonymous/eqlog-steensgaard-analysis-benchmark/benchmarks/coreutils-8.24/df.bc>:version_etc_arn:219	</home/anonymous/eqlog-steensgaard-analysis-benchmark/benchmarks/coreutils-8.24/df.bc>:version_etc_arn:%113
</home/anonymous/eqlog-steensgaard-analysis-benchmark/benchmarks/coreutils-8.24/df.bc>:version_etc_arn:222	</home/anonymous/eqlog-steensgaard-analysis-benchmark/benchmarks/coreutils-8.24/df.bc>:version_etc_arn:%115
</home/anonymous/eqlog-steensgaard-analysis-benchmark/benchmarks/coreutils-8.24/df.bc>:version_etc_arn:225	</home/anonymous/eqlog-steensgaard-analysis-benchmark/benchmarks/coreutils-8.24/df.bc>:version_etc_arn:%117
</home/anonymous/eqlog-steensgaard-analysis-benchmark/benchmarks/coreutils-8.24/df.bc>:version_etc_arn:228	</home/anonymous/eqlog-steensgaard-analysis-benchmark/benchmarks/coreutils-8.24/df.bc>:version_etc_arn:%119
</home/anonymous/eqlog-steensgaard-analysis-benchmark/benchmarks/coreutils-8.24/df.bc>:version_etc_arn:231	</home/anonymous/eqlog-steensgaard-analysis-benchmark/benchmarks/coreutils-8.24/df.bc>:version_etc_arn:%121
</home/anonymous/eqlog-steensgaard-analysis-benchmark/benchmarks/coreutils-8.24/df.bc>:version_etc_arn:234	</home/anonymous/eqlog-steensgaard-analysis-benchmark/benchmarks/coreutils-8.24/df.bc>:version_etc_arn:%123
</home/anonymous/eqlog-steensgaard-analysis-benchmark/benchmarks/coreutils-8.24/df.bc>:version_etc_arn:237	</home/anonymous/eqlog-steensgaard-analysis-benchmark/benchmarks/coreutils-8.24/df.bc>:version_etc_arn:%125
</home/anonymous/eqlog-steensgaard-analysis-benchmark/benchmarks/coreutils-8.24/df.bc>:version_etc_arn:240	</home/anonymous/eqlog-steensgaard-analysis-benchmark/benchmarks/coreutils-8.24/df.bc>:version_etc_arn:%127
</home/anonymous/eqlog-steensgaard-analysis-benchmark/benchmarks/coreutils-8.24/df.bc>:version_etc_ar:21	</home/anonymous/eqlog-steensgaard-analysis-benchmark/benchmarks/coreutils-8.24/df.bc>:version_etc_ar:%1
</home/anonymous/eqlog-steensgaard-analysis-benchmark/benchmarks/coreutils-8.24/df.bc>:version_etc_va:25	</home/anonymous/eqlog-steensgaard-analysis-benchmark/benchmarks/coreutils-8.24/df.bc>:version_etc_va:%1
</home/anonymous/eqlog-steensgaard-analysis-benchmark/benchmarks/coreutils-8.24/df.bc>:version_etc_va:29	</home/anonymous/eqlog-steensgaard-analysis-benchmark/benchmarks/coreutils-8.24/df.bc>:version_etc_va:%1
</home/anonymous/eqlog-steensgaard-analysis-benchmark/benchmarks/coreutils-8.24/df.bc>:version_etc_va:31	</home/anonymous/eqlog-steensgaard-analysis-benchmark/benchmarks/coreutils-8.24/df.bc>:version_etc_va:%reg_save_area
</home/anonymous/eqlog-steensgaard-analysis-benchmark/benchmarks/coreutils-8.24/df.bc>:version_etc_va:36	</home/anonymous/eqlog-steensgaard-analysis-benchmark/benchmarks/coreutils-8.24/df.bc>:version_etc_va:%1
</home/anonymous/eqlog-steensgaard-analysis-benchmark/benchmarks/coreutils-8.24/df.bc>:version_etc_va:39	</home/anonymous/eqlog-steensgaard-analysis-benchmark/benchmarks/coreutils-8.24/df.bc>:version_etc_va:%overflow_arg_area
</home/anonymous/eqlog-steensgaard-analysis-benchmark/benchmarks/coreutils-8.24/df.bc>:version_etc_va:45	</home/anonymous/eqlog-steensgaard-analysis-benchmark/benchmarks/coreutils-8.24/df.bc>:version_etc_va:%authtab
</home/anonymous/eqlog-steensgaard-analysis-benchmark/benchmarks/coreutils-8.24/df.bc>:version_etc_va:60	</home/anonymous/eqlog-steensgaard-analysis-benchmark/benchmarks/coreutils-8.24/df.bc>:version_etc_va:%authtab
</home/anonymous/eqlog-steensgaard-analysis-benchmark/benchmarks/coreutils-8.24/df.bc>:version_etc:14	</home/anonymous/eqlog-steensgaard-analysis-benchmark/benchmarks/coreutils-8.24/df.bc>:version_etc:%authors
</home/anonymous/eqlog-steensgaard-analysis-benchmark/benchmarks/coreutils-8.24/df.bc>:version_etc:21	</home/anonymous/eqlog-steensgaard-analysis-benchmark/benchmarks/coreutils-8.24/df.bc>:version_etc:%authors
</home/anonymous/eqlog-steensgaard-analysis-benchmark/benchmarks/coreutils-8.24/df.bc>:version_etc:23	</home/anonymous/eqlog-steensgaard-analysis-benchmark/benchmarks/coreutils-8.24/df.bc>:version_etc:%authors
</home/anonymous/eqlog-steensgaard-analysis-benchmark/benchmarks/coreutils-8.24/df.bc>:xstrtol_error:44	</home/anonymous/eqlog-steensgaard-analysis-benchmark/benchmarks/coreutils-8.24/df.bc>:xstrtol_error:%3
</home/anonymous/eqlog-steensgaard-analysis-benchmark/benchmarks/coreutils-8.24/df.bc>:xstrtol_error:47	</home/anonymous/eqlog-steensgaard-analysis-benchmark/benchmarks/coreutils-8.24/df.bc>:xstrtol_error:%option_buffer
</home/anonymous/eqlog-steensgaard-analysis-benchmark/benchmarks/coreutils-8.24/df.bc>:xstrtol_error:49	</home/anonymous/eqlog-steensgaard-analysis-benchmark/benchmarks/coreutils-8.24/df.bc>:xstrtol_error:%option_buffer
</home/anonymous/eqlog-steensgaard-analysis-benchmark/benchmarks/coreutils-8.24/df.bc>:xstrtol_error:51	</home/anonymous/eqlog-steensgaard-analysis-benchmark/benchmarks/coreutils-8.24/df.bc>:xstrtol_error:%option_buffer
</home/anonymous/eqlog-steensgaard-analysis-benchmark/benchmarks/coreutils-8.24/df.bc>:xstrtol_error:57	</home/anonymous/eqlog-steensgaard-analysis-benchmark/benchmarks/coreutils-8.24/df.bc>:xstrtol_error:%6
</home/anonymous/eqlog-steensgaard-analysis-benchmark/benchmarks/coreutils-8.24/df.bc>:xstrtol_error:58	</home/anonymous/eqlog-steensgaard-analysis-benchmark/benchmarks/coreutils-8.24/df.bc>:xstrtol_error:%arrayidx4
</home/anonymous/eqlog-steensgaard-analysis-benchmark/benchmarks/coreutils-8.24/df.bc>:xstrtoumax:63	</home/anonymous/eqlog-steensgaard-analysis-benchmark/benchmarks/coreutils-8.24/df.bc>:xstrtoumax:%9
</home/anonymous/eqlog-steensgaard-analysis-benchmark/benchmarks/coreutils-8.24/df.bc>:xstrtoumax:70	</home/anonymous/eqlog-steensgaard-analysis-benchmark/benchmarks/coreutils-8.24/df.bc>:xstrtoumax:%11
</home/anonymous/eqlog-steensgaard-analysis-benchmark/benchmarks/coreutils-8.24/df.bc>:xstrtoumax:166	</home/anonymous/eqlog-steensgaard-analysis-benchmark/benchmarks/coreutils-8.24/df.bc>:xstrtoumax:%45
</home/anonymous/eqlog-steensgaard-analysis-benchmark/benchmarks/coreutils-8.24/df.bc>:xstrtoumax:168	</home/anonymous/eqlog-steensgaard-analysis-benchmark/benchmarks/coreutils-8.24/df.bc>:xstrtoumax:%46
</home/anonymous/eqlog-steensgaard-analysis-benchmark/benchmarks/coreutils-8.24/df.bc>:xstrtoumax:173	</home/anonymous/eqlog-steensgaard-analysis-benchmark/benchmarks/coreutils-8.24/df.bc>:xstrtoumax:%48
</home/anonymous/eqlog-steensgaard-analysis-benchmark/benchmarks/coreutils-8.24/df.bc>:xstrtoumax:175	</home/anonymous/eqlog-steensgaard-analysis-benchmark/benchmarks/coreutils-8.24/df.bc>:xstrtoumax:%49
</home/anonymous/eqlog-steensgaard-analysis-benchmark/benchmarks/coreutils-8.24/df.bc>:xstrtoumax:254	</home/anonymous/eqlog-steensgaard-analysis-benchmark/benchmarks/coreutils-8.24/df.bc>:xstrtoumax:%71
</home/anonymous/eqlog-steensgaard-analysis-benchmark/benchmarks/coreutils-8.24/df.bc>:chdir_long:35	</home/anonymous/eqlog-steensgaard-analysis-benchmark/benchmarks/coreutils-8.24/df.bc>:chdir_long:%5
</home/anonymous/eqlog-steensgaard-analysis-benchmark/benchmarks/coreutils-8.24/df.bc>:chdir_long:63	</home/anonymous/eqlog-steensgaard-analysis-benchmark/benchmarks/coreutils-8.24/df.bc>:chdir_long:%13
</home/anonymous/eqlog-steensgaard-analysis-benchmark/benchmarks/coreutils-8.24/df.bc>:chdir_long:66	</home/anonymous/eqlog-steensgaard-analysis-benchmark/benchmarks/coreutils-8.24/df.bc>:chdir_long:%15
</home/anonymous/eqlog-steensgaard-analysis-benchmark/benchmarks/coreutils-8.24/df.bc>:chdir_long:91	</home/anonymous/eqlog-steensgaard-analysis-benchmark/benchmarks/coreutils-8.24/df.bc>:chdir_long:%21
</home/anonymous/eqlog-steensgaard-analysis-benchmark/benchmarks/coreutils-8.24/df.bc>:chdir_long:104	</home/anonymous/eqlog-steensgaard-analysis-benchmark/benchmarks/coreutils-8.24/df.bc>:chdir_long:%24
</home/anonymous/eqlog-steensgaard-analysis-benchmark/benchmarks/coreutils-8.24/df.bc>:chdir_long:168	</home/anonymous/eqlog-steensgaard-analysis-benchmark/benchmarks/coreutils-8.24/df.bc>:chdir_long:%42
</home/anonymous/eqlog-steensgaard-analysis-benchmark/benchmarks/coreutils-8.24/df.bc>:cdb_init:4	</home/anonymous/eqlog-steensgaard-analysis-benchmark/benchmarks/coreutils-8.24/df.bc>:cdb_init:%0
</home/anonymous/eqlog-steensgaard-analysis-benchmark/benchmarks/coreutils-8.24/df.bc>:cdb_advance_fd:10	</home/anonymous/eqlog-steensgaard-analysis-benchmark/benchmarks/coreutils-8.24/df.bc>:cdb_advance_fd:%0
</home/anonymous/eqlog-steensgaard-analysis-benchmark/benchmarks/coreutils-8.24/df.bc>:cdb_advance_fd:24	</home/anonymous/eqlog-steensgaard-analysis-benchmark/benchmarks/coreutils-8.24/df.bc>:cdb_advance_fd:%6
</home/anonymous/eqlog-steensgaard-analysis-benchmark/benchmarks/coreutils-8.24/df.bc>:find_non_slash:10	</home/anonymous/eqlog-steensgaard-analysis-benchmark/benchmarks/coreutils-8.24/df.bc>:find_non_slash:%1
</home/anonymous/eqlog-steensgaard-analysis-benchmark/benchmarks/coreutils-8.24/df.bc>:cdb_fchdir:4	</home/anonymous/eqlog-steensgaard-analysis-benchmark/benchmarks/coreutils-8.24/df.bc>:cdb_fchdir:%0
</home/anonymous/eqlog-steensgaard-analysis-benchmark/benchmarks/coreutils-8.24/df.bc>:cdb_free:5	</home/anonymous/eqlog-steensgaard-analysis-benchmark/benchmarks/coreutils-8.24/df.bc>:cdb_free:%0
</home/anonymous/eqlog-steensgaard-analysis-benchmark/benchmarks/coreutils-8.24/df.bc>:cdb_free:11	</home/anonymous/eqlog-steensgaard-analysis-benchmark/benchmarks/coreutils-8.24/df.bc>:cdb_free:%2
</home/anonymous/eqlog-steensgaard-analysis-benchmark/benchmarks/coreutils-8.24/df.bc>:get_fs_usage:22	</home/anonymous/eqlog-steensgaard-analysis-benchmark/benchmarks/coreutils-8.24/df.bc>:get_fs_usage:%vfsd
</home/anonymous/eqlog-steensgaard-analysis-benchmark/benchmarks/coreutils-8.24/df.bc>:get_fs_usage:26	</home/anonymous/eqlog-steensgaard-analysis-benchmark/benchmarks/coreutils-8.24/df.bc>:get_fs_usage:%vfsd
</home/anonymous/eqlog-steensgaard-analysis-benchmark/benchmarks/coreutils-8.24/df.bc>:get_fs_usage:29	</home/anonymous/eqlog-steensgaard-analysis-benchmark/benchmarks/coreutils-8.24/df.bc>:get_fs_usage:%vfsd
</home/anonymous/eqlog-steensgaard-analysis-benchmark/benchmarks/coreutils-8.24/df.bc>:get_fs_usage:34	</home/anonymous/eqlog-steensgaard-analysis-benchmark/benchmarks/coreutils-8.24/df.bc>:get_fs_usage:%4
</home/anonymous/eqlog-steensgaard-analysis-benchmark/benchmarks/coreutils-8.24/df.bc>:get_fs_usage:36	</home/anonymous/eqlog-steensgaard-analysis-benchmark/benchmarks/coreutils-8.24/df.bc>:get_fs_usage:%vfsd
</home/anonymous/eqlog-steensgaard-analysis-benchmark/benchmarks/coreutils-8.24/df.bc>:get_fs_usage:39	</home/anonymous/eqlog-steensgaard-analysis-benchmark/benchmarks/coreutils-8.24/df.bc>:get_fs_usage:%6
</home/anonymous/eqlog-steensgaard-analysis-benchmark/benchmarks/coreutils-8.24/df.bc>:get_fs_usage:41	</home/anonymous/eqlog-steensgaard-analysis-benchmark/benchmarks/coreutils-8.24/df.bc>:get_fs_usage:%vfsd
</home/anonymous/eqlog-steensgaard-analysis-benchmark/benchmarks/coreutils-8.24/df.bc>:get_fs_usage:44	</home/anonymous/eqlog-steensgaard-analysis-benchmark/benchmarks/coreutils-8.24/df.bc>:get_fs_usage:%8
</home/anonymous/eqlog-steensgaard-analysis-benchmark/benchmarks/coreutils-8.24/df.bc>:get_fs_usage:46	</home/anonymous/eqlog-steensgaard-analysis-benchmark/benchmarks/coreutils-8.24/df.bc>:get_fs_usage:%vfsd
</home/anonymous/eqlog-steensgaard-analysis-benchmark/benchmarks/coreutils-8.24/df.bc>:get_fs_usage:48	</home/anonymous/eqlog-steensgaard-analysis-benchmark/benchmarks/coreutils-8.24/df.bc>:get_fs_usage:%vfsd
</home/anonymous/eqlog-steensgaard-analysis-benchmark/benchmarks/coreutils-8.24/df.bc>:get_fs_usage:55	</home/anonymous/eqlog-steensgaard-analysis-benchmark/benchmarks/coreutils-8.24/df.bc>:get_fs_usage:%11
</home/anonymous/eqlog-steensgaard-analysis-benchmark/benchmarks/coreutils-8.24/df.bc>:get_fs_usage:57	</home/anonymous/eqlog-steensgaard-analysis-benchmark/benchmarks/coreutils-8.24/df.bc>:get_fs_usage:%vfsd
</home/anonymous/eqlog-steensgaard-analysis-benchmark/benchmarks/coreutils-8.24/df.bc>:get_fs_usage:62	</home/anonymous/eqlog-steensgaard-analysis-benchmark/benchmarks/coreutils-8.24/df.bc>:get_fs_usage:%13
</home/anonymous/eqlog-steensgaard-analysis-benchmark/benchmarks/coreutils-8.24/df.bc>:get_fs_usage:65	</home/anonymous/eqlog-steensgaard-analysis-benchmark/benchmarks/coreutils-8.24/df.bc>:get_fs_usage:%vfsd
</home/anonymous/eqlog-steensgaard-analysis-benchmark/benchmarks/coreutils-8.24/df.bc>:get_fs_usage:68	</home/anonymous/eqlog-steensgaard-analysis-benchmark/benchmarks/coreutils-8.24/df.bc>:get_fs_usage:%15
</home/anonymous/eqlog-steensgaard-analysis-benchmark/benchmarks/coreutils-8.24/df.bc>:get_fs_usage:70	</home/anonymous/eqlog-steensgaard-analysis-benchmark/benchmarks/coreutils-8.24/df.bc>:get_fs_usage:%vfsd
</home/anonymous/eqlog-steensgaard-analysis-benchmark/benchmarks/coreutils-8.24/df.bc>:get_fs_usage:73	</home/anonymous/eqlog-steensgaard-analysis-benchmark/benchmarks/coreutils-8.24/df.bc>:get_fs_usage:%17
</home/anonymous/eqlog-steensgaard-analysis-benchmark/benchmarks/coreutils-8.24/df.bc>:get_fs_usage:84	</home/anonymous/eqlog-steensgaard-analysis-benchmark/benchmarks/coreutils-8.24/df.bc>:get_fs_usage:%fsd
</home/anonymous/eqlog-steensgaard-analysis-benchmark/benchmarks/coreutils-8.24/df.bc>:get_fs_usage:87	</home/anonymous/eqlog-steensgaard-analysis-benchmark/benchmarks/coreutils-8.24/df.bc>:get_fs_usage:%20
</home/anonymous/eqlog-steensgaard-analysis-benchmark/benchmarks/coreutils-8.24/df.bc>:get_fs_usage:89	</home/anonymous/eqlog-steensgaard-analysis-benchmark/benchmarks/coreutils-8.24/df.bc>:get_fs_usage:%fsd
</home/anonymous/eqlog-steensgaard-analysis-benchmark/benchmarks/coreutils-8.24/df.bc>:get_fs_usage:92	</home/anonymous/eqlog-steensgaard-analysis-benchmark/benchmarks/coreutils-8.24/df.bc>:get_fs_usage:%22
</home/anonymous/eqlog-steensgaard-analysis-benchmark/benchmarks/coreutils-8.24/df.bc>:get_fs_usage:94	</home/anonymous/eqlog-steensgaard-analysis-benchmark/benchmarks/coreutils-8.24/df.bc>:get_fs_usage:%fsd
</home/anonymous/eqlog-steensgaard-analysis-benchmark/benchmarks/coreutils-8.24/df.bc>:get_fs_usage:97	</home/anonymous/eqlog-steensgaard-analysis-benchmark/benchmarks/coreutils-8.24/df.bc>:get_fs_usage:%24
</home/anonymous/eqlog-steensgaard-analysis-benchmark/benchmarks/coreutils-8.24/df.bc>:get_fs_usage:99	</home/anonymous/eqlog-steensgaard-analysis-benchmark/benchmarks/coreutils-8.24/df.bc>:get_fs_usage:%fsd
</home/anonymous/eqlog-steensgaard-analysis-benchmark/benchmarks/coreutils-8.24/df.bc>:get_fs_usage:101	</home/anonymous/eqlog-steensgaard-analysis-benchmark/benchmarks/coreutils-8.24/df.bc>:get_fs_usage:%fsd
</home/anonymous/eqlog-steensgaard-analysis-benchmark/benchmarks/coreutils-8.24/df.bc>:get_fs_usage:108	</home/anonymous/eqlog-steensgaard-analysis-benchmark/benchmarks/coreutils-8.24/df.bc>:get_fs_usage:%27
</home/anonymous/eqlog-steensgaard-analysis-benchmark/benchmarks/coreutils-8.24/df.bc>:get_fs_usage:110	</home/anonymous/eqlog-steensgaard-analysis-benchmark/benchmarks/coreutils-8.24/df.bc>:get_fs_usage:%fsd
</home/anonymous/eqlog-steensgaard-analysis-benchmark/benchmarks/coreutils-8.24/df.bc>:get_fs_usage:115	</home/anonymous/eqlog-steensgaard-analysis-benchmark/benchmarks/coreutils-8.24/df.bc>:get_fs_usage:%29
</home/anonymous/eqlog-steensgaard-analysis-benchmark/benchmarks/coreutils-8.24/df.bc>:get_fs_usage:118	</home/anonymous/eqlog-steensgaard-analysis-benchmark/benchmarks/coreutils-8.24/df.bc>:get_fs_usage:%fsd
</home/anonymous/eqlog-steensgaard-analysis-benchmark/benchmarks/coreutils-8.24/df.bc>:get_fs_usage:121	</home/anonymous/eqlog-steensgaard-analysis-benchmark/benchmarks/coreutils-8.24/df.bc>:get_fs_usage:%31
</home/anonymous/eqlog-steensgaard-analysis-benchmark/benchmarks/coreutils-8.24/df.bc>:get_fs_usage:123	</home/anonymous/eqlog-steensgaard-analysis-benchmark/benchmarks/coreutils-8.24/df.bc>:get_fs_usage:%fsd
</home/anonymous/eqlog-steensgaard-analysis-benchmark/benchmarks/coreutils-8.24/df.bc>:get_fs_usage:126	</home/anonymous/eqlog-steensgaard-analysis-benchmark/benchmarks/coreutils-8.24/df.bc>:get_fs_usage:%33
</home/anonymous/eqlog-steensgaard-analysis-benchmark/benchmarks/coreutils-8.24/df.bc>:statvfs_works:8	</home/anonymous/eqlog-steensgaard-analysis-benchmark/benchmarks/coreutils-8.24/df.bc>:statvfs_works:%name
</home/anonymous/eqlog-steensgaard-analysis-benchmark/benchmarks/coreutils-8.24/df.bc>:statvfs_works:9	</home/anonymous/eqlog-steensgaard-analysis-benchmark/benchmarks/coreutils-8.24/df.bc>:statvfs_works:%release
</home/anonymous/eqlog-steensgaard-analysis-benchmark/benchmarks/coreutils-8.24/df.bc>:read_file_system_list:76	</home/anonymous/eqlog-steensgaard-analysis-benchmark/benchmarks/coreutils-8.24/df.bc>:read_file_system_list:%7
</home/anonymous/eqlog-steensgaard-analysis-benchmark/benchmarks/coreutils-8.24/df.bc>:read_file_system_list:96	</home/anonymous/eqlog-steensgaard-analysis-benchmark/benchmarks/coreutils-8.24/df.bc>:read_file_system_list:%14
</home/anonymous/eqlog-steensgaard-analysis-benchmark/benchmarks/coreutils-8.24/df.bc>:read_file_system_list:101	</home/anonymous/eqlog-steensgaard-analysis-benchmark/benchmarks/coreutils-8.24/df.bc>:read_file_system_list:%16
</home/anonymous/eqlog-steensgaard-analysis-benchmark/benchmarks/coreutils-8.24/df.bc>:read_file_system_list:106	</home/anonymous/eqlog-steensgaard-analysis-benchmark/benchmarks/coreutils-8.24/df.bc>:read_file_system_list:%18
</home/anonymous/eqlog-steensgaard-analysis-benchmark/benchmarks/coreutils-8.24/df.bc>:read_file_system_list:111	</home/anonymous/eqlog-steensgaard-analysis-benchmark/benchmarks/coreutils-8.24/df.bc>:read_file_system_list:%19
</home/anonymous/eqlog-steensgaard-analysis-benchmark/benchmarks/coreutils-8.24/df.bc>:read_file_system_list:116	</home/anonymous/eqlog-steensgaard-analysis-benchmark/benchmarks/coreutils-8.24/df.bc>:read_file_system_list:%21
</home/anonymous/eqlog-steensgaard-analysis-benchmark/benchmarks/coreutils-8.24/df.bc>:read_file_system_list:124	</home/anonymous/eqlog-steensgaard-analysis-benchmark/benchmarks/coreutils-8.24/df.bc>:read_file_system_list:%24
</home/anonymous/eqlog-steensgaard-analysis-benchmark/benchmarks/coreutils-8.24/df.bc>:read_file_system_list:127	</home/anonymous/eqlog-steensgaard-analysis-benchmark/benchmarks/coreutils-8.24/df.bc>:read_file_system_list:%26
</home/anonymous/eqlog-steensgaard-analysis-benchmark/benchmarks/coreutils-8.24/df.bc>:read_file_system_list:132	</home/anonymous/eqlog-steensgaard-analysis-benchmark/benchmarks/coreutils-8.24/df.bc>:read_file_system_list:%27
</home/anonymous/eqlog-steensgaard-analysis-benchmark/benchmarks/coreutils-8.24/df.bc>:read_file_system_list:135	</home/anonymous/eqlog-steensgaard-analysis-benchmark/benchmarks/coreutils-8.24/df.bc>:read_file_system_list:%29
</home/anonymous/eqlog-steensgaard-analysis-benchmark/benchmarks/coreutils-8.24/df.bc>:read_file_system_list:140	</home/anonymous/eqlog-steensgaard-analysis-benchmark/benchmarks/coreutils-8.24/df.bc>:read_file_system_list:%30
</home/anonymous/eqlog-steensgaard-analysis-benchmark/benchmarks/coreutils-8.24/df.bc>:read_file_system_list:143	</home/anonymous/eqlog-steensgaard-analysis-benchmark/benchmarks/coreutils-8.24/df.bc>:read_file_system_list:%32
</home/anonymous/eqlog-steensgaard-analysis-benchmark/benchmarks/coreutils-8.24/df.bc>:read_file_system_list:146	</home/anonymous/eqlog-steensgaard-analysis-benchmark/benchmarks/coreutils-8.24/df.bc>:read_file_system_list:%33
</home/anonymous/eqlog-steensgaard-analysis-benchmark/benchmarks/coreutils-8.24/df.bc>:read_file_system_list:155	</home/anonymous/eqlog-steensgaard-analysis-benchmark/benchmarks/coreutils-8.24/df.bc>:read_file_system_list:%36
</home/anonymous/eqlog-steensgaard-analysis-benchmark/benchmarks/coreutils-8.24/df.bc>:read_file_system_list:158	</home/anonymous/eqlog-steensgaard-analysis-benchmark/benchmarks/coreutils-8.24/df.bc>:read_file_system_list:%37
</home/anonymous/eqlog-steensgaard-analysis-benchmark/benchmarks/coreutils-8.24/df.bc>:read_file_system_list:164	</home/anonymous/eqlog-steensgaard-analysis-benchmark/benchmarks/coreutils-8.24/df.bc>:read_file_system_list:%39
</home/anonymous/eqlog-steensgaard-analysis-benchmark/benchmarks/coreutils-8.24/df.bc>:read_file_system_list:170	</home/anonymous/eqlog-steensgaard-analysis-benchmark/benchmarks/coreutils-8.24/df.bc>:read_file_system_list:%41
</home/anonymous/eqlog-steensgaard-analysis-benchmark/benchmarks/coreutils-8.24/df.bc>:read_file_system_list:176	</home/anonymous/eqlog-steensgaard-analysis-benchmark/benchmarks/coreutils-8.24/df.bc>:read_file_system_list:%43
</home/anonymous/eqlog-steensgaard-analysis-benchmark/benchmarks/coreutils-8.24/df.bc>:read_file_system_list:182	</home/anonymous/eqlog-steensgaard-analysis-benchmark/benchmarks/coreutils-8.24/df.bc>:read_file_system_list:%45
</home/anonymous/eqlog-steensgaard-analysis-benchmark/benchmarks/coreutils-8.24/df.bc>:read_file_system_list:188	</home/anonymous/eqlog-steensgaard-analysis-benchmark/benchmarks/coreutils-8.24/df.bc>:read_file_system_list:%47
</home/anonymous/eqlog-steensgaard-analysis-benchmark/benchmarks/coreutils-8.24/df.bc>:read_file_system_list:194	</home/anonymous/eqlog-steensgaard-analysis-benchmark/benchmarks/coreutils-8.24/df.bc>:read_file_system_list:%49
</home/anonymous/eqlog-steensgaard-analysis-benchmark/benchmarks/coreutils-8.24/df.bc>:read_file_system_list:200	</home/anonymous/eqlog-steensgaard-analysis-benchmark/benchmarks/coreutils-8.24/df.bc>:read_file_system_list:%51
</home/anonymous/eqlog-steensgaard-analysis-benchmark/benchmarks/coreutils-8.24/df.bc>:read_file_system_list:206	</home/anonymous/eqlog-steensgaard-analysis-benchmark/benchmarks/coreutils-8.24/df.bc>:read_file_system_list:%53
</home/anonymous/eqlog-steensgaard-analysis-benchmark/benchmarks/coreutils-8.24/df.bc>:read_file_system_list:212	</home/anonymous/eqlog-steensgaard-analysis-benchmark/benchmarks/coreutils-8.24/df.bc>:read_file_system_list:%55
</home/anonymous/eqlog-steensgaard-analysis-benchmark/benchmarks/coreutils-8.24/df.bc>:read_file_system_list:218	</home/anonymous/eqlog-steensgaard-analysis-benchmark/benchmarks/coreutils-8.24/df.bc>:read_file_system_list:%57
</home/anonymous/eqlog-steensgaard-analysis-benchmark/benchmarks/coreutils-8.24/df.bc>:read_file_system_list:224	</home/anonymous/eqlog-steensgaard-analysis-benchmark/benchmarks/coreutils-8.24/df.bc>:read_file_system_list:%59
</home/anonymous/eqlog-steensgaard-analysis-benchmark/benchmarks/coreutils-8.24/df.bc>:read_file_system_list:230	</home/anonymous/eqlog-steensgaard-analysis-benchmark/benchmarks/coreutils-8.24/df.bc>:read_file_system_list:%61
</home/anonymous/eqlog-steensgaard-analysis-benchmark/benchmarks/coreutils-8.24/df.bc>:read_file_system_list:241	</home/anonymous/eqlog-steensgaard-analysis-benchmark/benchmarks/coreutils-8.24/df.bc>:read_file_system_list:%65
</home/anonymous/eqlog-steensgaard-analysis-benchmark/benchmarks/coreutils-8.24/df.bc>:read_file_system_list:250	</home/anonymous/eqlog-steensgaard-analysis-benchmark/benchmarks/coreutils-8.24/df.bc>:read_file_system_list:%67
</home/anonymous/eqlog-steensgaard-analysis-benchmark/benchmarks/coreutils-8.24/df.bc>:read_file_system_list:256	</home/anonymous/eqlog-steensgaard-analysis-benchmark/benchmarks/coreutils-8.24/df.bc>:read_file_system_list:%69
</home/anonymous/eqlog-steensgaard-analysis-benchmark/benchmarks/coreutils-8.24/df.bc>:read_file_system_list:258	</home/anonymous/eqlog-steensgaard-analysis-benchmark/benchmarks/coreutils-8.24/df.bc>:read_file_system_list:%70
</home/anonymous/eqlog-steensgaard-analysis-benchmark/benchmarks/coreutils-8.24/df.bc>:read_file_system_list:264	</home/anonymous/eqlog-steensgaard-analysis-benchmark/benchmarks/coreutils-8.24/df.bc>:read_file_system_list:%72
</home/anonymous/eqlog-steensgaard-analysis-benchmark/benchmarks/coreutils-8.24/df.bc>:read_file_system_list:266	</home/anonymous/eqlog-steensgaard-analysis-benchmark/benchmarks/coreutils-8.24/df.bc>:read_file_system_list:%73
</home/anonymous/eqlog-steensgaard-analysis-benchmark/benchmarks/coreutils-8.24/df.bc>:read_file_system_list:272	</home/anonymous/eqlog-steensgaard-analysis-benchmark/benchmarks/coreutils-8.24/df.bc>:read_file_system_list:%75
</home/anonymous/eqlog-steensgaard-analysis-benchmark/benchmarks/coreutils-8.24/df.bc>:read_file_system_list:278	</home/anonymous/eqlog-steensgaard-analysis-benchmark/benchmarks/coreutils-8.24/df.bc>:read_file_system_list:%77
</home/anonymous/eqlog-steensgaard-analysis-benchmark/benchmarks/coreutils-8.24/df.bc>:read_file_system_list:290	</home/anonymous/eqlog-steensgaard-analysis-benchmark/benchmarks/coreutils-8.24/df.bc>:read_file_system_list:%82
</home/anonymous/eqlog-steensgaard-analysis-benchmark/benchmarks/coreutils-8.24/df.bc>:read_file_system_list:303	</home/anonymous/eqlog-steensgaard-analysis-benchmark/benchmarks/coreutils-8.24/df.bc>:read_file_system_list:%86
</home/anonymous/eqlog-steensgaard-analysis-benchmark/benchmarks/coreutils-8.24/df.bc>:read_file_system_list:355	</home/anonymous/eqlog-steensgaard-analysis-benchmark/benchmarks/coreutils-8.24/df.bc>:read_file_system_list:%98
</home/anonymous/eqlog-steensgaard-analysis-benchmark/benchmarks/coreutils-8.24/df.bc>:read_file_system_list:359	</home/anonymous/eqlog-steensgaard-analysis-benchmark/benchmarks/coreutils-8.24/df.bc>:read_file_system_list:%100
</home/anonymous/eqlog-steensgaard-analysis-benchmark/benchmarks/coreutils-8.24/df.bc>:read_file_system_list:362	</home/anonymous/eqlog-steensgaard-analysis-benchmark/benchmarks/coreutils-8.24/df.bc>:read_file_system_list:%101
</home/anonymous/eqlog-steensgaard-analysis-benchmark/benchmarks/coreutils-8.24/df.bc>:read_file_system_list:366	</home/anonymous/eqlog-steensgaard-analysis-benchmark/benchmarks/coreutils-8.24/df.bc>:read_file_system_list:%103
</home/anonymous/eqlog-steensgaard-analysis-benchmark/benchmarks/coreutils-8.24/df.bc>:read_file_system_list:369	</home/anonymous/eqlog-steensgaard-analysis-benchmark/benchmarks/coreutils-8.24/df.bc>:read_file_system_list:%104
</home/anonymous/eqlog-steensgaard-analysis-benchmark/benchmarks/coreutils-8.24/df.bc>:read_file_system_list:373	</home/anonymous/eqlog-steensgaard-analysis-benchmark/benchmarks/coreutils-8.24/df.bc>:read_file_system_list:%106
</home/anonymous/eqlog-steensgaard-analysis-benchmark/benchmarks/coreutils-8.24/df.bc>:read_file_system_list:376	</home/anonymous/eqlog-steensgaard-analysis-benchmark/benchmarks/coreutils-8.24/df.bc>:read_file_system_list:%107
</home/anonymous/eqlog-steensgaard-analysis-benchmark/benchmarks/coreutils-8.24/df.bc>:read_file_system_list:382	</home/anonymous/eqlog-steensgaard-analysis-benchmark/benchmarks/coreutils-8.24/df.bc>:read_file_system_list:%108
</home/anonymous/eqlog-steensgaard-analysis-benchmark/benchmarks/coreutils-8.24/df.bc>:read_file_system_list:388	</home/anonymous/eqlog-steensgaard-analysis-benchmark/benchmarks/coreutils-8.24/df.bc>:read_file_system_list:%110
</home/anonymous/eqlog-steensgaard-analysis-benchmark/benchmarks/coreutils-8.24/df.bc>:read_file_system_list:394	</home/anonymous/eqlog-steensgaard-analysis-benchmark/benchmarks/coreutils-8.24/df.bc>:read_file_system_list:%112
</home/anonymous/eqlog-steensgaard-analysis-benchmark/benchmarks/coreutils-8.24/df.bc>:read_file_system_list:400	</home/anonymous/eqlog-steensgaard-analysis-benchmark/benchmarks/coreutils-8.24/df.bc>:read_file_system_list:%114
</home/anonymous/eqlog-steensgaard-analysis-benchmark/benchmarks/coreutils-8.24/df.bc>:read_file_system_list:406	</home/anonymous/eqlog-steensgaard-analysis-benchmark/benchmarks/coreutils-8.24/df.bc>:read_file_system_list:%116
</home/anonymous/eqlog-steensgaard-analysis-benchmark/benchmarks/coreutils-8.24/df.bc>:read_file_system_list:412	</home/anonymous/eqlog-steensgaard-analysis-benchmark/benchmarks/coreutils-8.24/df.bc>:read_file_system_list:%118
</home/anonymous/eqlog-steensgaard-analysis-benchmark/benchmarks/coreutils-8.24/df.bc>:read_file_system_list:418	</home/anonymous/eqlog-steensgaard-analysis-benchmark/benchmarks/coreutils-8.24/df.bc>:read_file_system_list:%120
</home/anonymous/eqlog-steensgaard-analysis-benchmark/benchmarks/coreutils-8.24/df.bc>:read_file_system_list:424	</home/anonymous/eqlog-steensgaard-analysis-benchmark/benchmarks/coreutils-8.24/df.bc>:read_file_system_list:%122
</home/anonymous/eqlog-steensgaard-analysis-benchmark/benchmarks/coreutils-8.24/df.bc>:read_file_system_list:430	</home/anonymous/eqlog-steensgaard-analysis-benchmark/benchmarks/coreutils-8.24/df.bc>:read_file_system_list:%124
</home/anonymous/eqlog-steensgaard-analysis-benchmark/benchmarks/coreutils-8.24/df.bc>:read_file_system_list:436	</home/anonymous/eqlog-steensgaard-analysis-benchmark/benchmarks/coreutils-8.24/df.bc>:read_file_system_list:%126
</home/anonymous/eqlog-steensgaard-analysis-benchmark/benchmarks/coreutils-8.24/df.bc>:read_file_system_list:442	</home/anonymous/eqlog-steensgaard-analysis-benchmark/benchmarks/coreutils-8.24/df.bc>:read_file_system_list:%128
</home/anonymous/eqlog-steensgaard-analysis-benchmark/benchmarks/coreutils-8.24/df.bc>:read_file_system_list:448	</home/anonymous/eqlog-steensgaard-analysis-benchmark/benchmarks/coreutils-8.24/df.bc>:read_file_system_list:%130
</home/anonymous/eqlog-steensgaard-analysis-benchmark/benchmarks/coreutils-8.24/df.bc>:read_file_system_list:454	</home/anonymous/eqlog-steensgaard-analysis-benchmark/benchmarks/coreutils-8.24/df.bc>:read_file_system_list:%132
</home/anonymous/eqlog-steensgaard-analysis-benchmark/benchmarks/coreutils-8.24/df.bc>:read_file_system_list:468	</home/anonymous/eqlog-steensgaard-analysis-benchmark/benchmarks/coreutils-8.24/df.bc>:read_file_system_list:%137
</home/anonymous/eqlog-steensgaard-analysis-benchmark/benchmarks/coreutils-8.24/df.bc>:read_file_system_list:477	</home/anonymous/eqlog-steensgaard-analysis-benchmark/benchmarks/coreutils-8.24/df.bc>:read_file_system_list:%139
</home/anonymous/eqlog-steensgaard-analysis-benchmark/benchmarks/coreutils-8.24/df.bc>:read_file_system_list:483	</home/anonymous/eqlog-steensgaard-analysis-benchmark/benchmarks/coreutils-8.24/df.bc>:read_file_system_list:%141
</home/anonymous/eqlog-steensgaard-analysis-benchmark/benchmarks/coreutils-8.24/df.bc>:read_file_system_list:485	</home/anonymous/eqlog-steensgaard-analysis-benchmark/benchmarks/coreutils-8.24/df.bc>:read_file_system_list:%142
</home/anonymous/eqlog-steensgaard-analysis-benchmark/benchmarks/coreutils-8.24/df.bc>:read_file_system_list:491	</home/anonymous/eqlog-steensgaard-analysis-benchmark/benchmarks/coreutils-8.24/df.bc>:read_file_system_list:%144
</home/anonymous/eqlog-steensgaard-analysis-benchmark/benchmarks/coreutils-8.24/df.bc>:read_file_system_list:493	</home/anonymous/eqlog-steensgaard-analysis-benchmark/benchmarks/coreutils-8.24/df.bc>:read_file_system_list:%145
</home/anonymous/eqlog-steensgaard-analysis-benchmark/benchmarks/coreutils-8.24/df.bc>:read_file_system_list:499	</home/anonymous/eqlog-steensgaard-analysis-benchmark/benchmarks/coreutils-8.24/df.bc>:read_file_system_list:%147
</home/anonymous/eqlog-steensgaard-analysis-benchmark/benchmarks/coreutils-8.24/df.bc>:read_file_system_list:505	</home/anonymous/eqlog-steensgaard-analysis-benchmark/benchmarks/coreutils-8.24/df.bc>:read_file_system_list:%149
</home/anonymous/eqlog-steensgaard-analysis-benchmark/benchmarks/coreutils-8.24/df.bc>:read_file_system_list:517	</home/anonymous/eqlog-steensgaard-analysis-benchmark/benchmarks/coreutils-8.24/df.bc>:read_file_system_list:%154
</home/anonymous/eqlog-steensgaard-analysis-benchmark/benchmarks/coreutils-8.24/df.bc>:read_file_system_list:527	</home/anonymous/eqlog-steensgaard-analysis-benchmark/benchmarks/coreutils-8.24/df.bc>:read_file_system_list:%156
</home/anonymous/eqlog-steensgaard-analysis-benchmark/benchmarks/coreutils-8.24/df.bc>:read_file_system_list:531	</home/anonymous/eqlog-steensgaard-analysis-benchmark/benchmarks/coreutils-8.24/df.bc>:read_file_system_list:%158
</home/anonymous/eqlog-steensgaard-analysis-benchmark/benchmarks/coreutils-8.24/df.bc>:read_file_system_list:537	</home/anonymous/eqlog-steensgaard-analysis-benchmark/benchmarks/coreutils-8.24/df.bc>:read_file_system_list:%161
</home/anonymous/eqlog-steensgaard-analysis-benchmark/benchmarks/coreutils-8.24/df.bc>:read_file_system_list:562	</home/anonymous/eqlog-steensgaard-analysis-benchmark/benchmarks/coreutils-8.24/df.bc>:read_file_system_list:%168
</home/anonymous/eqlog-steensgaard-analysis-benchmark/benchmarks/coreutils-8.24/df.bc>:free_mount_entry:4	</home/anonymous/eqlog-steensgaard-analysis-benchmark/benchmarks/coreutils-8.24/df.bc>:free_mount_entry:%0
</home/anonymous/eqlog-steensgaard-analysis-benchmark/benchmarks/coreutils-8.24/df.bc>:free_mount_entry:8	</home/anonymous/eqlog-steensgaard-analysis-benchmark/benchmarks/coreutils-8.24/df.bc>:free_mount_entry:%2
</home/anonymous/eqlog-steensgaard-analysis-benchmark/benchmarks/coreutils-8.24/df.bc>:free_mount_entry:12	</home/anonymous/eqlog-steensgaard-analysis-benchmark/benchmarks/coreutils-8.24/df.bc>:free_mount_entry:%4
</home/anonymous/eqlog-steensgaard-analysis-benchmark/benchmarks/coreutils-8.24/df.bc>:free_mount_entry:20	</home/anonymous/eqlog-steensgaard-analysis-benchmark/benchmarks/coreutils-8.24/df.bc>:free_mount_entry:%5
</home/anonymous/eqlog-steensgaard-analysis-benchmark/benchmarks/coreutils-8.24/df.bc>:unescape_tab:22	</home/anonymous/eqlog-steensgaard-analysis-benchmark/benchmarks/coreutils-8.24/df.bc>:unescape_tab:%4
</home/anonymous/eqlog-steensgaard-analysis-benchmark/benchmarks/coreutils-8.24/df.bc>:unescape_tab:35	</home/anonymous/eqlog-steensgaard-analysis-benchmark/benchmarks/coreutils-8.24/df.bc>:unescape_tab:%9
</home/anonymous/eqlog-steensgaard-analysis-benchmark/benchmarks/coreutils-8.24/df.bc>:unescape_tab:43	</home/anonymous/eqlog-steensgaard-analysis-benchmark/benchmarks/coreutils-8.24/df.bc>:unescape_tab:%12
</home/anonymous/eqlog-steensgaard-analysis-benchmark/benchmarks/coreutils-8.24/df.bc>:unescape_tab:51	</home/anonymous/eqlog-steensgaard-analysis-benchmark/benchmarks/coreutils-8.24/df.bc>:unescape_tab:%15
</home/anonymous/eqlog-steensgaard-analysis-benchmark/benchmarks/coreutils-8.24/df.bc>:unescape_tab:59	</home/anonymous/eqlog-steensgaard-analysis-benchmark/benchmarks/coreutils-8.24/df.bc>:unescape_tab:%18
</home/anonymous/eqlog-steensgaard-analysis-benchmark/benchmarks/coreutils-8.24/df.bc>:unescape_tab:67	</home/anonymous/eqlog-steensgaard-analysis-benchmark/benchmarks/coreutils-8.24/df.bc>:unescape_tab:%21
</home/anonymous/eqlog-steensgaard-analysis-benchmark/benchmarks/coreutils-8.24/df.bc>:unescape_tab:75	</home/anonymous/eqlog-steensgaard-analysis-benchmark/benchmarks/coreutils-8.24/df.bc>:unescape_tab:%24
</home/anonymous/eqlog-steensgaard-analysis-benchmark/benchmarks/coreutils-8.24/df.bc>:unescape_tab:83	</home/anonymous/eqlog-steensgaard-analysis-benchmark/benchmarks/coreutils-8.24/df.bc>:unescape_tab:%27
</home/anonymous/eqlog-steensgaard-analysis-benchmark/benchmarks/coreutils-8.24/df.bc>:unescape_tab:91	</home/anonymous/eqlog-steensgaard-analysis-benchmark/benchmarks/coreutils-8.24/df.bc>:unescape_tab:%30
</home/anonymous/eqlog-steensgaard-analysis-benchmark/benchmarks/coreutils-8.24/df.bc>:unescape_tab:100	</home/anonymous/eqlog-steensgaard-analysis-benchmark/benchmarks/coreutils-8.24/df.bc>:unescape_tab:%33
</home/anonymous/eqlog-steensgaard-analysis-benchmark/benchmarks/coreutils-8.24/df.bc>:unescape_tab:110	</home/anonymous/eqlog-steensgaard-analysis-benchmark/benchmarks/coreutils-8.24/df.bc>:unescape_tab:%36
</home/anonymous/eqlog-steensgaard-analysis-benchmark/benchmarks/coreutils-8.24/df.bc>:unescape_tab:118	</home/anonymous/eqlog-steensgaard-analysis-benchmark/benchmarks/coreutils-8.24/df.bc>:unescape_tab:%39
</home/anonymous/eqlog-steensgaard-analysis-benchmark/benchmarks/coreutils-8.24/df.bc>:unescape_tab:124	</home/anonymous/eqlog-steensgaard-analysis-benchmark/benchmarks/coreutils-8.24/df.bc>:unescape_tab:%42
</home/anonymous/eqlog-steensgaard-analysis-benchmark/benchmarks/coreutils-8.24/df.bc>:areadlink_with_size:86	</home/anonymous/eqlog-steensgaard-analysis-benchmark/benchmarks/coreutils-8.24/df.bc>:areadlink_with_size:%22
</home/anonymous/eqlog-steensgaard-analysis-benchmark/benchmarks/coreutils-8.24/df.bc>:argmatch:30	</home/anonymous/eqlog-steensgaard-analysis-benchmark/benchmarks/coreutils-8.24/df.bc>:argmatch:%2
</home/anonymous/eqlog-steensgaard-analysis-benchmark/benchmarks/coreutils-8.24/df.bc>:argmatch:36	</home/anonymous/eqlog-steensgaard-analysis-benchmark/benchmarks/coreutils-8.24/df.bc>:argmatch:%5
</home/anonymous/eqlog-steensgaard-analysis-benchmark/benchmarks/coreutils-8.24/df.bc>:argmatch:45	</home/anonymous/eqlog-steensgaard-analysis-benchmark/benchmarks/coreutils-8.24/df.bc>:argmatch:%10
</home/anonymous/eqlog-steensgaard-analysis-benchmark/benchmarks/coreutils-8.24/df.bc>:argmatch:67	</home/anonymous/eqlog-steensgaard-analysis-benchmark/benchmarks/coreutils-8.24/df.bc>:argmatch:%17
</home/anonymous/eqlog-steensgaard-analysis-benchmark/benchmarks/coreutils-8.24/df.bc>:argmatch:72	</home/anonymous/eqlog-steensgaard-analysis-benchmark/benchmarks/coreutils-8.24/df.bc>:argmatch:%20
</home/anonymous/eqlog-steensgaard-analysis-benchmark/benchmarks/coreutils-8.24/df.bc>:argmatch_valid:21	</home/anonymous/eqlog-steensgaard-analysis-benchmark/benchmarks/coreutils-8.24/df.bc>:argmatch_valid:%2
</home/anonymous/eqlog-steensgaard-analysis-benchmark/benchmarks/coreutils-8.24/df.bc>:argmatch_valid:33	</home/anonymous/eqlog-steensgaard-analysis-benchmark/benchmarks/coreutils-8.24/df.bc>:argmatch_valid:%6
</home/anonymous/eqlog-steensgaard-analysis-benchmark/benchmarks/coreutils-8.24/df.bc>:argmatch_valid:41	</home/anonymous/eqlog-steensgaard-analysis-benchmark/benchmarks/coreutils-8.24/df.bc>:argmatch_valid:%12
</home/anonymous/eqlog-steensgaard-analysis-benchmark/benchmarks/coreutils-8.24/df.bc>:argmatch_valid:49	</home/anonymous/eqlog-steensgaard-analysis-benchmark/benchmarks/coreutils-8.24/df.bc>:argmatch_valid:%14
</home/anonymous/eqlog-steensgaard-analysis-benchmark/benchmarks/coreutils-8.24/df.bc>:argmatch_valid:55	</home/anonymous/eqlog-steensgaard-analysis-benchmark/benchmarks/coreutils-8.24/df.bc>:argmatch_valid:%19
</home/anonymous/eqlog-steensgaard-analysis-benchmark/benchmarks/coreutils-8.24/df.bc>:argmatch_to_argument:19	</home/anonymous/eqlog-steensgaard-analysis-benchmark/benchmarks/coreutils-8.24/df.bc>:argmatch_to_argument:%1
</home/anonymous/eqlog-steensgaard-analysis-benchmark/benchmarks/coreutils-8.24/df.bc>:argmatch_to_argument:28	</home/anonymous/eqlog-steensgaard-analysis-benchmark/benchmarks/coreutils-8.24/df.bc>:argmatch_to_argument:%4
</home/anonymous/eqlog-steensgaard-analysis-benchmark/benchmarks/coreutils-8.24/df.bc>:argmatch_to_argument:35	</home/anonymous/eqlog-steensgaard-analysis-benchmark/benchmarks/coreutils-8.24/df.bc>:argmatch_to_argument:%9
</home/anonymous/eqlog-steensgaard-analysis-benchmark/benchmarks/coreutils-8.24/df.bc>:c_strcasecmp:44	</home/anonymous/eqlog-steensgaard-analysis-benchmark/benchmarks/coreutils-8.24/df.bc>:c_strcasecmp:%9
</home/anonymous/eqlog-steensgaard-analysis-benchmark/benchmarks/coreutils-8.24/df.bc>:c_strcasecmp:47	</home/anonymous/eqlog-steensgaard-analysis-benchmark/benchmarks/coreutils-8.24/df.bc>:c_strcasecmp:%10
</home/anonymous/eqlog-steensgaard-analysis-benchmark/benchmarks/coreutils-8.24/df.bc>:open_safer:15	</home/anonymous/eqlog-steensgaard-analysis-benchmark/benchmarks/coreutils-8.24/df.bc>:open_safer:%ap
</home/anonymous/eqlog-steensgaard-analysis-benchmark/benchmarks/coreutils-8.24/df.bc>:open_safer:18	</home/anonymous/eqlog-steensgaard-analysis-benchmark/benchmarks/coreutils-8.24/df.bc>:open_safer:%ap
</home/anonymous/eqlog-steensgaard-analysis-benchmark/benchmarks/coreutils-8.24/df.bc>:open_safer:19	</home/anonymous/eqlog-steensgaard-analysis-benchmark/benchmarks/coreutils-8.24/df.bc>:open_safer:%arraydecay2
</home/anonymous/eqlog-steensgaard-analysis-benchmark/benchmarks/coreutils-8.24/df.bc>:open_safer:23	</home/anonymous/eqlog-steensgaard-analysis-benchmark/benchmarks/coreutils-8.24/df.bc>:open_safer:%arraydecay2
</home/anonymous/eqlog-steensgaard-analysis-benchmark/benchmarks/coreutils-8.24/df.bc>:open_safer:25	</home/anonymous/eqlog-steensgaard-analysis-benchmark/benchmarks/coreutils-8.24/df.bc>:open_safer:%reg_save_area
</home/anonymous/eqlog-steensgaard-analysis-benchmark/benchmarks/coreutils-8.24/df.bc>:open_safer:30	</home/anonymous/eqlog-steensgaard-analysis-benchmark/benchmarks/coreutils-8.24/df.bc>:open_safer:%arraydecay2
</home/anonymous/eqlog-steensgaard-analysis-benchmark/benchmarks/coreutils-8.24/df.bc>:open_safer:33	</home/anonymous/eqlog-steensgaard-analysis-benchmark/benchmarks/coreutils-8.24/df.bc>:open_safer:%overflow_arg_area
</home/anonymous/eqlog-steensgaard-analysis-benchmark/benchmarks/coreutils-8.24/df.bc>:open_safer:39	</home/anonymous/eqlog-steensgaard-analysis-benchmark/benchmarks/coreutils-8.24/df.bc>:open_safer:%ap
</home/anonymous/eqlog-steensgaard-analysis-benchmark/benchmarks/coreutils-8.24/df.bc>:hash_pjw:30	</home/anonymous/eqlog-steensgaard-analysis-benchmark/benchmarks/coreutils-8.24/df.bc>:hash_pjw:%7
</home/anonymous/eqlog-steensgaard-analysis-benchmark/benchmarks/coreutils-8.24/df.bc>:locale_charset:25	</home/anonymous/eqlog-steensgaard-analysis-benchmark/benchmarks/coreutils-8.24/df.bc>:locale_charset:%5
</home/anonymous/eqlog-steensgaard-analysis-benchmark/benchmarks/coreutils-8.24/df.bc>:locale_charset:31	</home/anonymous/eqlog-steensgaard-analysis-benchmark/benchmarks/coreutils-8.24/df.bc>:locale_charset:%7
</home/anonymous/eqlog-steensgaard-analysis-benchmark/benchmarks/coreutils-8.24/df.bc>:locale_charset:39	</home/anonymous/eqlog-steensgaard-analysis-benchmark/benchmarks/coreutils-8.24/df.bc>:locale_charset:%9
</home/anonymous/eqlog-steensgaard-analysis-benchmark/benchmarks/coreutils-8.24/df.bc>:locale_charset:40	</home/anonymous/eqlog-steensgaard-analysis-benchmark/benchmarks/coreutils-8.24/df.bc>:locale_charset:%add.ptr
</home/anonymous/eqlog-steensgaard-analysis-benchmark/benchmarks/coreutils-8.24/df.bc>:locale_charset:48	</home/anonymous/eqlog-steensgaard-analysis-benchmark/benchmarks/coreutils-8.24/df.bc>:locale_charset:%12
</home/anonymous/eqlog-steensgaard-analysis-benchmark/benchmarks/coreutils-8.24/df.bc>:locale_charset:54	</home/anonymous/eqlog-steensgaard-analysis-benchmark/benchmarks/coreutils-8.24/df.bc>:locale_charset:%14
</home/anonymous/eqlog-steensgaard-analysis-benchmark/benchmarks/coreutils-8.24/df.bc>:locale_charset:58	</home/anonymous/eqlog-steensgaard-analysis-benchmark/benchmarks/coreutils-8.24/df.bc>:locale_charset:%15
</home/anonymous/eqlog-steensgaard-analysis-benchmark/benchmarks/coreutils-8.24/df.bc>:get_charset_aliases:33	</home/anonymous/eqlog-steensgaard-analysis-benchmark/benchmarks/coreutils-8.24/df.bc>:get_charset_aliases:%3
</home/anonymous/eqlog-steensgaard-analysis-benchmark/benchmarks/coreutils-8.24/df.bc>:get_charset_aliases:55	</home/anonymous/eqlog-steensgaard-analysis-benchmark/benchmarks/coreutils-8.24/df.bc>:get_charset_aliases:%9
</home/anonymous/eqlog-steensgaard-analysis-benchmark/benchmarks/coreutils-8.24/df.bc>:get_charset_aliases:85	</home/anonymous/eqlog-steensgaard-analysis-benchmark/benchmarks/coreutils-8.24/df.bc>:get_charset_aliases:%21
</home/anonymous/eqlog-steensgaard-analysis-benchmark/benchmarks/coreutils-8.24/df.bc>:get_charset_aliases:90	</home/anonymous/eqlog-steensgaard-analysis-benchmark/benchmarks/coreutils-8.24/df.bc>:get_charset_aliases:%22
</home/anonymous/eqlog-steensgaard-analysis-benchmark/benchmarks/coreutils-8.24/df.bc>:get_charset_aliases:93	</home/anonymous/eqlog-steensgaard-analysis-benchmark/benchmarks/coreutils-8.24/df.bc>:get_charset_aliases:%add.ptr
</home/anonymous/eqlog-steensgaard-analysis-benchmark/benchmarks/coreutils-8.24/df.bc>:get_charset_aliases:178	</home/anonymous/eqlog-steensgaard-analysis-benchmark/benchmarks/coreutils-8.24/df.bc>:get_charset_aliases:%buf1
</home/anonymous/eqlog-steensgaard-analysis-benchmark/benchmarks/coreutils-8.24/df.bc>:get_charset_aliases:179	</home/anonymous/eqlog-steensgaard-analysis-benchmark/benchmarks/coreutils-8.24/df.bc>:get_charset_aliases:%buf2
</home/anonymous/eqlog-steensgaard-analysis-benchmark/benchmarks/coreutils-8.24/df.bc>:get_charset_aliases:184	</home/anonymous/eqlog-steensgaard-analysis-benchmark/benchmarks/coreutils-8.24/df.bc>:get_charset_aliases:%buf1
</home/anonymous/eqlog-steensgaard-analysis-benchmark/benchmarks/coreutils-8.24/df.bc>:get_charset_aliases:187	</home/anonymous/eqlog-steensgaard-analysis-benchmark/benchmarks/coreutils-8.24/df.bc>:get_charset_aliases:%buf2
</home/anonymous/eqlog-steensgaard-analysis-benchmark/benchmarks/coreutils-8.24/df.bc>:get_charset_aliases:229	</home/anonymous/eqlog-steensgaard-analysis-benchmark/benchmarks/coreutils-8.24/df.bc>:get_charset_aliases:%59
</home/anonymous/eqlog-steensgaard-analysis-benchmark/benchmarks/coreutils-8.24/df.bc>:get_charset_aliases:233	</home/anonymous/eqlog-steensgaard-analysis-benchmark/benchmarks/coreutils-8.24/df.bc>:get_charset_aliases:%add.ptr100
</home/anonymous/eqlog-steensgaard-analysis-benchmark/benchmarks/coreutils-8.24/df.bc>:get_charset_aliases:237	</home/anonymous/eqlog-steensgaard-analysis-benchmark/benchmarks/coreutils-8.24/df.bc>:get_charset_aliases:%add.ptr102
</home/anonymous/eqlog-steensgaard-analysis-benchmark/benchmarks/coreutils-8.24/df.bc>:get_charset_aliases:238	</home/anonymous/eqlog-steensgaard-analysis-benchmark/benchmarks/coreutils-8.24/df.bc>:get_charset_aliases:%buf1
</home/anonymous/eqlog-steensgaard-analysis-benchmark/benchmarks/coreutils-8.24/df.bc>:get_charset_aliases:242	</home/anonymous/eqlog-steensgaard-analysis-benchmark/benchmarks/coreutils-8.24/df.bc>:get_charset_aliases:%63
</home/anonymous/eqlog-steensgaard-analysis-benchmark/benchmarks/coreutils-8.24/df.bc>:get_charset_aliases:246	</home/anonymous/eqlog-steensgaard-analysis-benchmark/benchmarks/coreutils-8.24/df.bc>:get_charset_aliases:%add.ptr108
</home/anonymous/eqlog-steensgaard-analysis-benchmark/benchmarks/coreutils-8.24/df.bc>:get_charset_aliases:247	</home/anonymous/eqlog-steensgaard-analysis-benchmark/benchmarks/coreutils-8.24/df.bc>:get_charset_aliases:%buf2
</home/anonymous/eqlog-steensgaard-analysis-benchmark/benchmarks/coreutils-8.24/df.bc>:get_charset_aliases:259	</home/anonymous/eqlog-steensgaard-analysis-benchmark/benchmarks/coreutils-8.24/df.bc>:get_charset_aliases:%68
</home/anonymous/eqlog-steensgaard-analysis-benchmark/benchmarks/coreutils-8.24/df.bc>:mbiter_multi_next:4	</home/anonymous/eqlog-steensgaard-analysis-benchmark/benchmarks/coreutils-8.24/df.bc>:mbiter_multi_next:%0
</home/anonymous/eqlog-steensgaard-analysis-benchmark/benchmarks/coreutils-8.24/df.bc>:mbiter_multi_next:10	</home/anonymous/eqlog-steensgaard-analysis-benchmark/benchmarks/coreutils-8.24/df.bc>:mbiter_multi_next:%2
</home/anonymous/eqlog-steensgaard-analysis-benchmark/benchmarks/coreutils-8.24/df.bc>:mbiter_multi_next:16	</home/anonymous/eqlog-steensgaard-analysis-benchmark/benchmarks/coreutils-8.24/df.bc>:mbiter_multi_next:%4
</home/anonymous/eqlog-steensgaard-analysis-benchmark/benchmarks/coreutils-8.24/df.bc>:mbiter_multi_next:17	</home/anonymous/eqlog-steensgaard-analysis-benchmark/benchmarks/coreutils-8.24/df.bc>:mbiter_multi_next:%cur
</home/anonymous/eqlog-steensgaard-analysis-benchmark/benchmarks/coreutils-8.24/df.bc>:mbiter_multi_next:23	</home/anonymous/eqlog-steensgaard-analysis-benchmark/benchmarks/coreutils-8.24/df.bc>:mbiter_multi_next:%7
</home/anonymous/eqlog-steensgaard-analysis-benchmark/benchmarks/coreutils-8.24/df.bc>:mbiter_multi_next:24	</home/anonymous/eqlog-steensgaard-analysis-benchmark/benchmarks/coreutils-8.24/df.bc>:mbiter_multi_next:%cur5
</home/anonymous/eqlog-steensgaard-analysis-benchmark/benchmarks/coreutils-8.24/df.bc>:mbiter_multi_next:27	</home/anonymous/eqlog-steensgaard-analysis-benchmark/benchmarks/coreutils-8.24/df.bc>:mbiter_multi_next:%8
</home/anonymous/eqlog-steensgaard-analysis-benchmark/benchmarks/coreutils-8.24/df.bc>:mbiter_multi_next:28	</home/anonymous/eqlog-steensgaard-analysis-benchmark/benchmarks/coreutils-8.24/df.bc>:mbiter_multi_next:%cur6
</home/anonymous/eqlog-steensgaard-analysis-benchmark/benchmarks/coreutils-8.24/df.bc>:mbiter_multi_next:33	</home/anonymous/eqlog-steensgaard-analysis-benchmark/benchmarks/coreutils-8.24/df.bc>:mbiter_multi_next:%11
</home/anonymous/eqlog-steensgaard-analysis-benchmark/benchmarks/coreutils-8.24/df.bc>:mbiter_multi_next:34	</home/anonymous/eqlog-steensgaard-analysis-benchmark/benchmarks/coreutils-8.24/df.bc>:mbiter_multi_next:%cur8
</home/anonymous/eqlog-steensgaard-analysis-benchmark/benchmarks/coreutils-8.24/df.bc>:mbiter_multi_next:37	</home/anonymous/eqlog-steensgaard-analysis-benchmark/benchmarks/coreutils-8.24/df.bc>:mbiter_multi_next:%12
</home/anonymous/eqlog-steensgaard-analysis-benchmark/benchmarks/coreutils-8.24/df.bc>:mbiter_multi_next:38	</home/anonymous/eqlog-steensgaard-analysis-benchmark/benchmarks/coreutils-8.24/df.bc>:mbiter_multi_next:%cur9
</home/anonymous/eqlog-steensgaard-analysis-benchmark/benchmarks/coreutils-8.24/df.bc>:mbiter_multi_next:42	</home/anonymous/eqlog-steensgaard-analysis-benchmark/benchmarks/coreutils-8.24/df.bc>:mbiter_multi_next:%13
</home/anonymous/eqlog-steensgaard-analysis-benchmark/benchmarks/coreutils-8.24/df.bc>:mbiter_multi_next:51	</home/anonymous/eqlog-steensgaard-analysis-benchmark/benchmarks/coreutils-8.24/df.bc>:mbiter_multi_next:%15
</home/anonymous/eqlog-steensgaard-analysis-benchmark/benchmarks/coreutils-8.24/df.bc>:mbiter_multi_next:55	</home/anonymous/eqlog-steensgaard-analysis-benchmark/benchmarks/coreutils-8.24/df.bc>:mbiter_multi_next:%16
</home/anonymous/eqlog-steensgaard-analysis-benchmark/benchmarks/coreutils-8.24/df.bc>:mbiter_multi_next:56	</home/anonymous/eqlog-steensgaard-analysis-benchmark/benchmarks/coreutils-8.24/df.bc>:mbiter_multi_next:%cur13
</home/anonymous/eqlog-steensgaard-analysis-benchmark/benchmarks/coreutils-8.24/df.bc>:mbiter_multi_next:58	</home/anonymous/eqlog-steensgaard-analysis-benchmark/benchmarks/coreutils-8.24/df.bc>:mbiter_multi_next:%17
</home/anonymous/eqlog-steensgaard-analysis-benchmark/benchmarks/coreutils-8.24/df.bc>:mbiter_multi_next:59	</home/anonymous/eqlog-steensgaard-analysis-benchmark/benchmarks/coreutils-8.24/df.bc>:mbiter_multi_next:%cur15
</home/anonymous/eqlog-steensgaard-analysis-benchmark/benchmarks/coreutils-8.24/df.bc>:mbiter_multi_next:62	</home/anonymous/eqlog-steensgaard-analysis-benchmark/benchmarks/coreutils-8.24/df.bc>:mbiter_multi_next:%19
</home/anonymous/eqlog-steensgaard-analysis-benchmark/benchmarks/coreutils-8.24/df.bc>:mbiter_multi_next:65	</home/anonymous/eqlog-steensgaard-analysis-benchmark/benchmarks/coreutils-8.24/df.bc>:mbiter_multi_next:%21
</home/anonymous/eqlog-steensgaard-analysis-benchmark/benchmarks/coreutils-8.24/df.bc>:mbiter_multi_next:66	</home/anonymous/eqlog-steensgaard-analysis-benchmark/benchmarks/coreutils-8.24/df.bc>:mbiter_multi_next:%cur17
</home/anonymous/eqlog-steensgaard-analysis-benchmark/benchmarks/coreutils-8.24/df.bc>:mbiter_multi_next:72	</home/anonymous/eqlog-steensgaard-analysis-benchmark/benchmarks/coreutils-8.24/df.bc>:mbiter_multi_next:%23
</home/anonymous/eqlog-steensgaard-analysis-benchmark/benchmarks/coreutils-8.24/df.bc>:mbiter_multi_next:75	</home/anonymous/eqlog-steensgaard-analysis-benchmark/benchmarks/coreutils-8.24/df.bc>:mbiter_multi_next:%24
</home/anonymous/eqlog-steensgaard-analysis-benchmark/benchmarks/coreutils-8.24/df.bc>:mbiter_multi_next:76	</home/anonymous/eqlog-steensgaard-analysis-benchmark/benchmarks/coreutils-8.24/df.bc>:mbiter_multi_next:%cur21
</home/anonymous/eqlog-steensgaard-analysis-benchmark/benchmarks/coreutils-8.24/df.bc>:mbiter_multi_next:79	</home/anonymous/eqlog-steensgaard-analysis-benchmark/benchmarks/coreutils-8.24/df.bc>:mbiter_multi_next:%25
</home/anonymous/eqlog-steensgaard-analysis-benchmark/benchmarks/coreutils-8.24/df.bc>:mbiter_multi_next:80	</home/anonymous/eqlog-steensgaard-analysis-benchmark/benchmarks/coreutils-8.24/df.bc>:mbiter_multi_next:%cur23
</home/anonymous/eqlog-steensgaard-analysis-benchmark/benchmarks/coreutils-8.24/df.bc>:mbiter_multi_next:85	</home/anonymous/eqlog-steensgaard-analysis-benchmark/benchmarks/coreutils-8.24/df.bc>:mbiter_multi_next:%27
</home/anonymous/eqlog-steensgaard-analysis-benchmark/benchmarks/coreutils-8.24/df.bc>:mbiter_multi_next:86	</home/anonymous/eqlog-steensgaard-analysis-benchmark/benchmarks/coreutils-8.24/df.bc>:mbiter_multi_next:%cur27
</home/anonymous/eqlog-steensgaard-analysis-benchmark/benchmarks/coreutils-8.24/df.bc>:mbiter_multi_next:89	</home/anonymous/eqlog-steensgaard-analysis-benchmark/benchmarks/coreutils-8.24/df.bc>:mbiter_multi_next:%28
</home/anonymous/eqlog-steensgaard-analysis-benchmark/benchmarks/coreutils-8.24/df.bc>:mbiter_multi_next:90	</home/anonymous/eqlog-steensgaard-analysis-benchmark/benchmarks/coreutils-8.24/df.bc>:mbiter_multi_next:%cur29
</home/anonymous/eqlog-steensgaard-analysis-benchmark/benchmarks/coreutils-8.24/df.bc>:mbiter_multi_next:94	</home/anonymous/eqlog-steensgaard-analysis-benchmark/benchmarks/coreutils-8.24/df.bc>:mbiter_multi_next:%29
</home/anonymous/eqlog-steensgaard-analysis-benchmark/benchmarks/coreutils-8.24/df.bc>:mbiter_multi_next:95	</home/anonymous/eqlog-steensgaard-analysis-benchmark/benchmarks/coreutils-8.24/df.bc>:mbiter_multi_next:%cur32
</home/anonymous/eqlog-steensgaard-analysis-benchmark/benchmarks/coreutils-8.24/df.bc>:mbiter_multi_next:100	</home/anonymous/eqlog-steensgaard-analysis-benchmark/benchmarks/coreutils-8.24/df.bc>:mbiter_multi_next:%31
</home/anonymous/eqlog-steensgaard-analysis-benchmark/benchmarks/coreutils-8.24/df.bc>:mbiter_multi_next:103	</home/anonymous/eqlog-steensgaard-analysis-benchmark/benchmarks/coreutils-8.24/df.bc>:mbiter_multi_next:%33
</home/anonymous/eqlog-steensgaard-analysis-benchmark/benchmarks/coreutils-8.24/df.bc>:mbiter_multi_next:104	</home/anonymous/eqlog-steensgaard-analysis-benchmark/benchmarks/coreutils-8.24/df.bc>:mbiter_multi_next:%cur38
</home/anonymous/eqlog-steensgaard-analysis-benchmark/benchmarks/coreutils-8.24/df.bc>:mbiter_multi_next:110	</home/anonymous/eqlog-steensgaard-analysis-benchmark/benchmarks/coreutils-8.24/df.bc>:mbiter_multi_next:%35
</home/anonymous/eqlog-steensgaard-analysis-benchmark/benchmarks/coreutils-8.24/df.bc>:mbiter_multi_next:111	</home/anonymous/eqlog-steensgaard-analysis-benchmark/benchmarks/coreutils-8.24/df.bc>:mbiter_multi_next:%cur43
</home/anonymous/eqlog-steensgaard-analysis-benchmark/benchmarks/coreutils-8.24/df.bc>:mbiter_multi_next:114	</home/anonymous/eqlog-steensgaard-analysis-benchmark/benchmarks/coreutils-8.24/df.bc>:mbiter_multi_next:%36
</home/anonymous/eqlog-steensgaard-analysis-benchmark/benchmarks/coreutils-8.24/df.bc>:mbiter_multi_next:115	</home/anonymous/eqlog-steensgaard-analysis-benchmark/benchmarks/coreutils-8.24/df.bc>:mbiter_multi_next:%cur45
</home/anonymous/eqlog-steensgaard-analysis-benchmark/benchmarks/coreutils-8.24/df.bc>:mbiter_multi_next:119	</home/anonymous/eqlog-steensgaard-analysis-benchmark/benchmarks/coreutils-8.24/df.bc>:mbiter_multi_next:%37
</home/anonymous/eqlog-steensgaard-analysis-benchmark/benchmarks/coreutils-8.24/df.bc>:mbiter_multi_next:120	</home/anonymous/eqlog-steensgaard-analysis-benchmark/benchmarks/coreutils-8.24/df.bc>:mbiter_multi_next:%cur48
</home/anonymous/eqlog-steensgaard-analysis-benchmark/benchmarks/coreutils-8.24/df.bc>:mbiter_multi_next:125	</home/anonymous/eqlog-steensgaard-analysis-benchmark/benchmarks/coreutils-8.24/df.bc>:mbiter_multi_next:%39
</home/anonymous/eqlog-steensgaard-analysis-benchmark/benchmarks/coreutils-8.24/df.bc>:mbiter_multi_next:126	</home/anonymous/eqlog-steensgaard-analysis-benchmark/benchmarks/coreutils-8.24/df.bc>:mbiter_multi_next:%cur53
</home/anonymous/eqlog-steensgaard-analysis-benchmark/benchmarks/coreutils-8.24/df.bc>:mbiter_multi_next:129	</home/anonymous/eqlog-steensgaard-analysis-benchmark/benchmarks/coreutils-8.24/df.bc>:mbiter_multi_next:%40
</home/anonymous/eqlog-steensgaard-analysis-benchmark/benchmarks/coreutils-8.24/df.bc>:mbiter_multi_next:130	</home/anonymous/eqlog-steensgaard-analysis-benchmark/benchmarks/coreutils-8.24/df.bc>:mbiter_multi_next:%cur55
</home/anonymous/eqlog-steensgaard-analysis-benchmark/benchmarks/coreutils-8.24/df.bc>:mbiter_multi_next:141	</home/anonymous/eqlog-steensgaard-analysis-benchmark/benchmarks/coreutils-8.24/df.bc>:mbiter_multi_next:%44
</home/anonymous/eqlog-steensgaard-analysis-benchmark/benchmarks/coreutils-8.24/df.bc>:mbiter_multi_next:142	</home/anonymous/eqlog-steensgaard-analysis-benchmark/benchmarks/coreutils-8.24/df.bc>:mbiter_multi_next:%cur63
</home/anonymous/eqlog-steensgaard-analysis-benchmark/benchmarks/coreutils-8.24/df.bc>:mbiter_multi_next:152	</home/anonymous/eqlog-steensgaard-analysis-benchmark/benchmarks/coreutils-8.24/df.bc>:mbiter_multi_next:%47
</home/anonymous/eqlog-steensgaard-analysis-benchmark/benchmarks/coreutils-8.24/df.bc>:mbiter_multi_next:153	</home/anonymous/eqlog-steensgaard-analysis-benchmark/benchmarks/coreutils-8.24/df.bc>:mbiter_multi_next:%cur71
</home/anonymous/eqlog-steensgaard-analysis-benchmark/benchmarks/coreutils-8.24/df.bc>:mbiter_multi_next:156	</home/anonymous/eqlog-steensgaard-analysis-benchmark/benchmarks/coreutils-8.24/df.bc>:mbiter_multi_next:%48
</home/anonymous/eqlog-steensgaard-analysis-benchmark/benchmarks/coreutils-8.24/df.bc>:mbiter_multi_next:161	</home/anonymous/eqlog-steensgaard-analysis-benchmark/benchmarks/coreutils-8.24/df.bc>:mbiter_multi_next:%49
</home/anonymous/eqlog-steensgaard-analysis-benchmark/benchmarks/coreutils-8.24/df.bc>:mbiter_multi_next:168	</home/anonymous/eqlog-steensgaard-analysis-benchmark/benchmarks/coreutils-8.24/df.bc>:mbiter_multi_next:%50
</home/anonymous/eqlog-steensgaard-analysis-benchmark/benchmarks/coreutils-8.24/df.bc>:mbiter_multi_reloc:8	</home/anonymous/eqlog-steensgaard-analysis-benchmark/benchmarks/coreutils-8.24/df.bc>:mbiter_multi_reloc:%1
</home/anonymous/eqlog-steensgaard-analysis-benchmark/benchmarks/coreutils-8.24/df.bc>:mbiter_multi_reloc:9	</home/anonymous/eqlog-steensgaard-analysis-benchmark/benchmarks/coreutils-8.24/df.bc>:mbiter_multi_reloc:%cur
</home/anonymous/eqlog-steensgaard-analysis-benchmark/benchmarks/coreutils-8.24/df.bc>:mbiter_multi_reloc:11	</home/anonymous/eqlog-steensgaard-analysis-benchmark/benchmarks/coreutils-8.24/df.bc>:mbiter_multi_reloc:%2
</home/anonymous/eqlog-steensgaard-analysis-benchmark/benchmarks/coreutils-8.24/df.bc>:mbiter_multi_reloc:15	</home/anonymous/eqlog-steensgaard-analysis-benchmark/benchmarks/coreutils-8.24/df.bc>:mbiter_multi_reloc:%4
</home/anonymous/eqlog-steensgaard-analysis-benchmark/benchmarks/coreutils-8.24/df.bc>:mbiter_multi_reloc:17	</home/anonymous/eqlog-steensgaard-analysis-benchmark/benchmarks/coreutils-8.24/df.bc>:mbiter_multi_reloc:%5
</home/anonymous/eqlog-steensgaard-analysis-benchmark/benchmarks/coreutils-8.24/df.bc>:mbiter_multi_copy:7	</home/anonymous/eqlog-steensgaard-analysis-benchmark/benchmarks/coreutils-8.24/df.bc>:mbiter_multi_copy:%0
</home/anonymous/eqlog-steensgaard-analysis-benchmark/benchmarks/coreutils-8.24/df.bc>:mbiter_multi_copy:10	</home/anonymous/eqlog-steensgaard-analysis-benchmark/benchmarks/coreutils-8.24/df.bc>:mbiter_multi_copy:%2
</home/anonymous/eqlog-steensgaard-analysis-benchmark/benchmarks/coreutils-8.24/df.bc>:mbiter_multi_copy:13	</home/anonymous/eqlog-steensgaard-analysis-benchmark/benchmarks/coreutils-8.24/df.bc>:mbiter_multi_copy:%3
</home/anonymous/eqlog-steensgaard-analysis-benchmark/benchmarks/coreutils-8.24/df.bc>:mbiter_multi_copy:17	</home/anonymous/eqlog-steensgaard-analysis-benchmark/benchmarks/coreutils-8.24/df.bc>:mbiter_multi_copy:%5
</home/anonymous/eqlog-steensgaard-analysis-benchmark/benchmarks/coreutils-8.24/df.bc>:mbiter_multi_copy:22	</home/anonymous/eqlog-steensgaard-analysis-benchmark/benchmarks/coreutils-8.24/df.bc>:mbiter_multi_copy:%6
</home/anonymous/eqlog-steensgaard-analysis-benchmark/benchmarks/coreutils-8.24/df.bc>:mbiter_multi_copy:25	</home/anonymous/eqlog-steensgaard-analysis-benchmark/benchmarks/coreutils-8.24/df.bc>:mbiter_multi_copy:%8
</home/anonymous/eqlog-steensgaard-analysis-benchmark/benchmarks/coreutils-8.24/df.bc>:mbiter_multi_copy:30	</home/anonymous/eqlog-steensgaard-analysis-benchmark/benchmarks/coreutils-8.24/df.bc>:mbiter_multi_copy:%10
</home/anonymous/eqlog-steensgaard-analysis-benchmark/benchmarks/coreutils-8.24/df.bc>:mbiter_multi_copy:35	</home/anonymous/eqlog-steensgaard-analysis-benchmark/benchmarks/coreutils-8.24/df.bc>:mbiter_multi_copy:%12
</home/anonymous/eqlog-steensgaard-analysis-benchmark/benchmarks/coreutils-8.24/df.bc>:mbiter_multi_copy:39	</home/anonymous/eqlog-steensgaard-analysis-benchmark/benchmarks/coreutils-8.24/df.bc>:mbiter_multi_copy:%14
</home/anonymous/eqlog-steensgaard-analysis-benchmark/benchmarks/coreutils-8.24/df.bc>:mbiter_multi_copy:43	</home/anonymous/eqlog-steensgaard-analysis-benchmark/benchmarks/coreutils-8.24/df.bc>:mbiter_multi_copy:%15
</home/anonymous/eqlog-steensgaard-analysis-benchmark/benchmarks/coreutils-8.24/df.bc>:mbiter_multi_copy:45	</home/anonymous/eqlog-steensgaard-analysis-benchmark/benchmarks/coreutils-8.24/df.bc>:mbiter_multi_copy:%16
</home/anonymous/eqlog-steensgaard-analysis-benchmark/benchmarks/coreutils-8.24/df.bc>:mbsstr:34	</home/anonymous/eqlog-steensgaard-analysis-benchmark/benchmarks/coreutils-8.24/df.bc>:mbsstr:%iter_needle
</home/anonymous/eqlog-steensgaard-analysis-benchmark/benchmarks/coreutils-8.24/df.bc>:mbsstr:35	</home/anonymous/eqlog-steensgaard-analysis-benchmark/benchmarks/coreutils-8.24/df.bc>:mbsstr:%cur
</home/anonymous/eqlog-steensgaard-analysis-benchmark/benchmarks/coreutils-8.24/df.bc>:mbsstr:37	</home/anonymous/eqlog-steensgaard-analysis-benchmark/benchmarks/coreutils-8.24/df.bc>:mbsstr:%iter_needle
</home/anonymous/eqlog-steensgaard-analysis-benchmark/benchmarks/coreutils-8.24/df.bc>:mbsstr:39	</home/anonymous/eqlog-steensgaard-analysis-benchmark/benchmarks/coreutils-8.24/df.bc>:mbsstr:%iter_needle
</home/anonymous/eqlog-steensgaard-analysis-benchmark/benchmarks/coreutils-8.24/df.bc>:mbsstr:42	</home/anonymous/eqlog-steensgaard-analysis-benchmark/benchmarks/coreutils-8.24/df.bc>:mbsstr:%iter_needle
</home/anonymous/eqlog-steensgaard-analysis-benchmark/benchmarks/coreutils-8.24/df.bc>:mbsstr:45	</home/anonymous/eqlog-steensgaard-analysis-benchmark/benchmarks/coreutils-8.24/df.bc>:mbsstr:%iter_needle
</home/anonymous/eqlog-steensgaard-analysis-benchmark/benchmarks/coreutils-8.24/df.bc>:mbsstr:46	</home/anonymous/eqlog-steensgaard-analysis-benchmark/benchmarks/coreutils-8.24/df.bc>:mbsstr:%cur1
</home/anonymous/eqlog-steensgaard-analysis-benchmark/benchmarks/coreutils-8.24/df.bc>:mbsstr:50	</home/anonymous/eqlog-steensgaard-analysis-benchmark/benchmarks/coreutils-8.24/df.bc>:mbsstr:%iter_needle
</home/anonymous/eqlog-steensgaard-analysis-benchmark/benchmarks/coreutils-8.24/df.bc>:mbsstr:51	</home/anonymous/eqlog-steensgaard-analysis-benchmark/benchmarks/coreutils-8.24/df.bc>:mbsstr:%cur2
</home/anonymous/eqlog-steensgaard-analysis-benchmark/benchmarks/coreutils-8.24/df.bc>:mbsstr:69	</home/anonymous/eqlog-steensgaard-analysis-benchmark/benchmarks/coreutils-8.24/df.bc>:mbsstr:%iter_needle_last_ccount
</home/anonymous/eqlog-steensgaard-analysis-benchmark/benchmarks/coreutils-8.24/df.bc>:mbsstr:70	</home/anonymous/eqlog-steensgaard-analysis-benchmark/benchmarks/coreutils-8.24/df.bc>:mbsstr:%cur5
</home/anonymous/eqlog-steensgaard-analysis-benchmark/benchmarks/coreutils-8.24/df.bc>:mbsstr:72	</home/anonymous/eqlog-steensgaard-analysis-benchmark/benchmarks/coreutils-8.24/df.bc>:mbsstr:%iter_needle_last_ccount
</home/anonymous/eqlog-steensgaard-analysis-benchmark/benchmarks/coreutils-8.24/df.bc>:mbsstr:74	</home/anonymous/eqlog-steensgaard-analysis-benchmark/benchmarks/coreutils-8.24/df.bc>:mbsstr:%iter_needle_last_ccount
</home/anonymous/eqlog-steensgaard-analysis-benchmark/benchmarks/coreutils-8.24/df.bc>:mbsstr:77	</home/anonymous/eqlog-steensgaard-analysis-benchmark/benchmarks/coreutils-8.24/df.bc>:mbsstr:%iter_needle_last_ccount
</home/anonymous/eqlog-steensgaard-analysis-benchmark/benchmarks/coreutils-8.24/df.bc>:mbsstr:80	</home/anonymous/eqlog-steensgaard-analysis-benchmark/benchmarks/coreutils-8.24/df.bc>:mbsstr:%iter_haystack
</home/anonymous/eqlog-steensgaard-analysis-benchmark/benchmarks/coreutils-8.24/df.bc>:mbsstr:81	</home/anonymous/eqlog-steensgaard-analysis-benchmark/benchmarks/coreutils-8.24/df.bc>:mbsstr:%cur10
</home/anonymous/eqlog-steensgaard-analysis-benchmark/benchmarks/coreutils-8.24/df.bc>:mbsstr:83	</home/anonymous/eqlog-steensgaard-analysis-benchmark/benchmarks/coreutils-8.24/df.bc>:mbsstr:%iter_haystack
</home/anonymous/eqlog-steensgaard-analysis-benchmark/benchmarks/coreutils-8.24/df.bc>:mbsstr:85	</home/anonymous/eqlog-steensgaard-analysis-benchmark/benchmarks/coreutils-8.24/df.bc>:mbsstr:%iter_haystack
</home/anonymous/eqlog-steensgaard-analysis-benchmark/benchmarks/coreutils-8.24/df.bc>:mbsstr:88	</home/anonymous/eqlog-steensgaard-analysis-benchmark/benchmarks/coreutils-8.24/df.bc>:mbsstr:%iter_haystack
</home/anonymous/eqlog-steensgaard-analysis-benchmark/benchmarks/coreutils-8.24/df.bc>:mbsstr:92	</home/anonymous/eqlog-steensgaard-analysis-benchmark/benchmarks/coreutils-8.24/df.bc>:mbsstr:%iter_haystack
</home/anonymous/eqlog-steensgaard-analysis-benchmark/benchmarks/coreutils-8.24/df.bc>:mbsstr:93	</home/anonymous/eqlog-steensgaard-analysis-benchmark/benchmarks/coreutils-8.24/df.bc>:mbsstr:%cur15
</home/anonymous/eqlog-steensgaard-analysis-benchmark/benchmarks/coreutils-8.24/df.bc>:mbsstr:97	</home/anonymous/eqlog-steensgaard-analysis-benchmark/benchmarks/coreutils-8.24/df.bc>:mbsstr:%iter_haystack
</home/anonymous/eqlog-steensgaard-analysis-benchmark/benchmarks/coreutils-8.24/df.bc>:mbsstr:98	</home/anonymous/eqlog-steensgaard-analysis-benchmark/benchmarks/coreutils-8.24/df.bc>:mbsstr:%cur19
</home/anonymous/eqlog-steensgaard-analysis-benchmark/benchmarks/coreutils-8.24/df.bc>:mbsstr:128	</home/anonymous/eqlog-steensgaard-analysis-benchmark/benchmarks/coreutils-8.24/df.bc>:mbsstr:%iter_needle_last_ccount
</home/anonymous/eqlog-steensgaard-analysis-benchmark/benchmarks/coreutils-8.24/df.bc>:mbsstr:129	</home/anonymous/eqlog-steensgaard-analysis-benchmark/benchmarks/coreutils-8.24/df.bc>:mbsstr:%cur33
</home/anonymous/eqlog-steensgaard-analysis-benchmark/benchmarks/coreutils-8.24/df.bc>:mbsstr:133	</home/anonymous/eqlog-steensgaard-analysis-benchmark/benchmarks/coreutils-8.24/df.bc>:mbsstr:%iter_needle_last_ccount
</home/anonymous/eqlog-steensgaard-analysis-benchmark/benchmarks/coreutils-8.24/df.bc>:mbsstr:134	</home/anonymous/eqlog-steensgaard-analysis-benchmark/benchmarks/coreutils-8.24/df.bc>:mbsstr:%cur37
</home/anonymous/eqlog-steensgaard-analysis-benchmark/benchmarks/coreutils-8.24/df.bc>:mbsstr:143	</home/anonymous/eqlog-steensgaard-analysis-benchmark/benchmarks/coreutils-8.24/df.bc>:mbsstr:%iter_needle_last_ccount
</home/anonymous/eqlog-steensgaard-analysis-benchmark/benchmarks/coreutils-8.24/df.bc>:mbsstr:144	</home/anonymous/eqlog-steensgaard-analysis-benchmark/benchmarks/coreutils-8.24/df.bc>:mbsstr:%cur43
</home/anonymous/eqlog-steensgaard-analysis-benchmark/benchmarks/coreutils-8.24/df.bc>:mbsstr:146	</home/anonymous/eqlog-steensgaard-analysis-benchmark/benchmarks/coreutils-8.24/df.bc>:mbsstr:%iter_needle_last_ccount
</home/anonymous/eqlog-steensgaard-analysis-benchmark/benchmarks/coreutils-8.24/df.bc>:mbsstr:147	</home/anonymous/eqlog-steensgaard-analysis-benchmark/benchmarks/coreutils-8.24/df.bc>:mbsstr:%cur44
</home/anonymous/eqlog-steensgaard-analysis-benchmark/benchmarks/coreutils-8.24/df.bc>:mbsstr:149	</home/anonymous/eqlog-steensgaard-analysis-benchmark/benchmarks/coreutils-8.24/df.bc>:mbsstr:%24
</home/anonymous/eqlog-steensgaard-analysis-benchmark/benchmarks/coreutils-8.24/df.bc>:mbsstr:151	</home/anonymous/eqlog-steensgaard-analysis-benchmark/benchmarks/coreutils-8.24/df.bc>:mbsstr:%iter_needle_last_ccount
</home/anonymous/eqlog-steensgaard-analysis-benchmark/benchmarks/coreutils-8.24/df.bc>:mbsstr:161	</home/anonymous/eqlog-steensgaard-analysis-benchmark/benchmarks/coreutils-8.24/df.bc>:mbsstr:%iter_needle_last_ccount
</home/anonymous/eqlog-steensgaard-analysis-benchmark/benchmarks/coreutils-8.24/df.bc>:mbsstr:162	</home/anonymous/eqlog-steensgaard-analysis-benchmark/benchmarks/coreutils-8.24/df.bc>:mbsstr:%cur47
</home/anonymous/eqlog-steensgaard-analysis-benchmark/benchmarks/coreutils-8.24/df.bc>:mbsstr:166	</home/anonymous/eqlog-steensgaard-analysis-benchmark/benchmarks/coreutils-8.24/df.bc>:mbsstr:%iter_needle_last_ccount
</home/anonymous/eqlog-steensgaard-analysis-benchmark/benchmarks/coreutils-8.24/df.bc>:mbsstr:167	</home/anonymous/eqlog-steensgaard-analysis-benchmark/benchmarks/coreutils-8.24/df.bc>:mbsstr:%cur51
</home/anonymous/eqlog-steensgaard-analysis-benchmark/benchmarks/coreutils-8.24/df.bc>:mbsstr:196	</home/anonymous/eqlog-steensgaard-analysis-benchmark/benchmarks/coreutils-8.24/df.bc>:mbsstr:%iter_haystack
</home/anonymous/eqlog-steensgaard-analysis-benchmark/benchmarks/coreutils-8.24/df.bc>:mbsstr:197	</home/anonymous/eqlog-steensgaard-analysis-benchmark/benchmarks/coreutils-8.24/df.bc>:mbsstr:%cur64
</home/anonymous/eqlog-steensgaard-analysis-benchmark/benchmarks/coreutils-8.24/df.bc>:mbsstr:201	</home/anonymous/eqlog-steensgaard-analysis-benchmark/benchmarks/coreutils-8.24/df.bc>:mbsstr:%iter_needle
</home/anonymous/eqlog-steensgaard-analysis-benchmark/benchmarks/coreutils-8.24/df.bc>:mbsstr:202	</home/anonymous/eqlog-steensgaard-analysis-benchmark/benchmarks/coreutils-8.24/df.bc>:mbsstr:%cur68
</home/anonymous/eqlog-steensgaard-analysis-benchmark/benchmarks/coreutils-8.24/df.bc>:mbsstr:206	</home/anonymous/eqlog-steensgaard-analysis-benchmark/benchmarks/coreutils-8.24/df.bc>:mbsstr:%iter_haystack
</home/anonymous/eqlog-steensgaard-analysis-benchmark/benchmarks/coreutils-8.24/df.bc>:mbsstr:207	</home/anonymous/eqlog-steensgaard-analysis-benchmark/benchmarks/coreutils-8.24/df.bc>:mbsstr:%cur71
</home/anonymous/eqlog-steensgaard-analysis-benchmark/benchmarks/coreutils-8.24/df.bc>:mbsstr:209	</home/anonymous/eqlog-steensgaard-analysis-benchmark/benchmarks/coreutils-8.24/df.bc>:mbsstr:%iter_needle
</home/anonymous/eqlog-steensgaard-analysis-benchmark/benchmarks/coreutils-8.24/df.bc>:mbsstr:210	</home/anonymous/eqlog-steensgaard-analysis-benchmark/benchmarks/coreutils-8.24/df.bc>:mbsstr:%cur73
</home/anonymous/eqlog-steensgaard-analysis-benchmark/benchmarks/coreutils-8.24/df.bc>:mbsstr:214	</home/anonymous/eqlog-steensgaard-analysis-benchmark/benchmarks/coreutils-8.24/df.bc>:mbsstr:%iter_haystack
</home/anonymous/eqlog-steensgaard-analysis-benchmark/benchmarks/coreutils-8.24/df.bc>:mbsstr:215	</home/anonymous/eqlog-steensgaard-analysis-benchmark/benchmarks/coreutils-8.24/df.bc>:mbsstr:%cur76
</home/anonymous/eqlog-steensgaard-analysis-benchmark/benchmarks/coreutils-8.24/df.bc>:mbsstr:217	</home/anonymous/eqlog-steensgaard-analysis-benchmark/benchmarks/coreutils-8.24/df.bc>:mbsstr:%iter_needle
</home/anonymous/eqlog-steensgaard-analysis-benchmark/benchmarks/coreutils-8.24/df.bc>:mbsstr:218	</home/anonymous/eqlog-steensgaard-analysis-benchmark/benchmarks/coreutils-8.24/df.bc>:mbsstr:%cur78
</home/anonymous/eqlog-steensgaard-analysis-benchmark/benchmarks/coreutils-8.24/df.bc>:mbsstr:222	</home/anonymous/eqlog-steensgaard-analysis-benchmark/benchmarks/coreutils-8.24/df.bc>:mbsstr:%iter_haystack
</home/anonymous/eqlog-steensgaard-analysis-benchmark/benchmarks/coreutils-8.24/df.bc>:mbsstr:223	</home/anonymous/eqlog-steensgaard-analysis-benchmark/benchmarks/coreutils-8.24/df.bc>:mbsstr:%cur82
</home/anonymous/eqlog-steensgaard-analysis-benchmark/benchmarks/coreutils-8.24/df.bc>:mbsstr:225	</home/anonymous/eqlog-steensgaard-analysis-benchmark/benchmarks/coreutils-8.24/df.bc>:mbsstr:%iter_needle
</home/anonymous/eqlog-steensgaard-analysis-benchmark/benchmarks/coreutils-8.24/df.bc>:mbsstr:226	</home/anonymous/eqlog-steensgaard-analysis-benchmark/benchmarks/coreutils-8.24/df.bc>:mbsstr:%cur84
</home/anonymous/eqlog-steensgaard-analysis-benchmark/benchmarks/coreutils-8.24/df.bc>:mbsstr:228	</home/anonymous/eqlog-steensgaard-analysis-benchmark/benchmarks/coreutils-8.24/df.bc>:mbsstr:%iter_haystack
</home/anonymous/eqlog-steensgaard-analysis-benchmark/benchmarks/coreutils-8.24/df.bc>:mbsstr:229	</home/anonymous/eqlog-steensgaard-analysis-benchmark/benchmarks/coreutils-8.24/df.bc>:mbsstr:%cur86
</home/anonymous/eqlog-steensgaard-analysis-benchmark/benchmarks/coreutils-8.24/df.bc>:mbsstr:239	</home/anonymous/eqlog-steensgaard-analysis-benchmark/benchmarks/coreutils-8.24/df.bc>:mbsstr:%rhaystack
</home/anonymous/eqlog-steensgaard-analysis-benchmark/benchmarks/coreutils-8.24/df.bc>:mbsstr:240	</home/anonymous/eqlog-steensgaard-analysis-benchmark/benchmarks/coreutils-8.24/df.bc>:mbsstr:%cur91
</home/anonymous/eqlog-steensgaard-analysis-benchmark/benchmarks/coreutils-8.24/df.bc>:mbsstr:242	</home/anonymous/eqlog-steensgaard-analysis-benchmark/benchmarks/coreutils-8.24/df.bc>:mbsstr:%rhaystack
</home/anonymous/eqlog-steensgaard-analysis-benchmark/benchmarks/coreutils-8.24/df.bc>:mbsstr:243	</home/anonymous/eqlog-steensgaard-analysis-benchmark/benchmarks/coreutils-8.24/df.bc>:mbsstr:%cur93
</home/anonymous/eqlog-steensgaard-analysis-benchmark/benchmarks/coreutils-8.24/df.bc>:mbsstr:245	</home/anonymous/eqlog-steensgaard-analysis-benchmark/benchmarks/coreutils-8.24/df.bc>:mbsstr:%48
</home/anonymous/eqlog-steensgaard-analysis-benchmark/benchmarks/coreutils-8.24/df.bc>:mbsstr:247	</home/anonymous/eqlog-steensgaard-analysis-benchmark/benchmarks/coreutils-8.24/df.bc>:mbsstr:%rhaystack
</home/anonymous/eqlog-steensgaard-analysis-benchmark/benchmarks/coreutils-8.24/df.bc>:mbsstr:250	</home/anonymous/eqlog-steensgaard-analysis-benchmark/benchmarks/coreutils-8.24/df.bc>:mbsstr:%rneedle
</home/anonymous/eqlog-steensgaard-analysis-benchmark/benchmarks/coreutils-8.24/df.bc>:mbsstr:251	</home/anonymous/eqlog-steensgaard-analysis-benchmark/benchmarks/coreutils-8.24/df.bc>:mbsstr:%cur97
</home/anonymous/eqlog-steensgaard-analysis-benchmark/benchmarks/coreutils-8.24/df.bc>:mbsstr:253	</home/anonymous/eqlog-steensgaard-analysis-benchmark/benchmarks/coreutils-8.24/df.bc>:mbsstr:%rneedle
</home/anonymous/eqlog-steensgaard-analysis-benchmark/benchmarks/coreutils-8.24/df.bc>:mbsstr:255	</home/anonymous/eqlog-steensgaard-analysis-benchmark/benchmarks/coreutils-8.24/df.bc>:mbsstr:%rneedle
</home/anonymous/eqlog-steensgaard-analysis-benchmark/benchmarks/coreutils-8.24/df.bc>:mbsstr:258	</home/anonymous/eqlog-steensgaard-analysis-benchmark/benchmarks/coreutils-8.24/df.bc>:mbsstr:%rneedle
</home/anonymous/eqlog-steensgaard-analysis-benchmark/benchmarks/coreutils-8.24/df.bc>:mbsstr:261	</home/anonymous/eqlog-steensgaard-analysis-benchmark/benchmarks/coreutils-8.24/df.bc>:mbsstr:%rneedle
</home/anonymous/eqlog-steensgaard-analysis-benchmark/benchmarks/coreutils-8.24/df.bc>:mbsstr:262	</home/anonymous/eqlog-steensgaard-analysis-benchmark/benchmarks/coreutils-8.24/df.bc>:mbsstr:%cur102
</home/anonymous/eqlog-steensgaard-analysis-benchmark/benchmarks/coreutils-8.24/df.bc>:mbsstr:266	</home/anonymous/eqlog-steensgaard-analysis-benchmark/benchmarks/coreutils-8.24/df.bc>:mbsstr:%rneedle
</home/anonymous/eqlog-steensgaard-analysis-benchmark/benchmarks/coreutils-8.24/df.bc>:mbsstr:267	</home/anonymous/eqlog-steensgaard-analysis-benchmark/benchmarks/coreutils-8.24/df.bc>:mbsstr:%cur106
</home/anonymous/eqlog-steensgaard-analysis-benchmark/benchmarks/coreutils-8.24/df.bc>:mbsstr:276	</home/anonymous/eqlog-steensgaard-analysis-benchmark/benchmarks/coreutils-8.24/df.bc>:mbsstr:%rneedle
</home/anonymous/eqlog-steensgaard-analysis-benchmark/benchmarks/coreutils-8.24/df.bc>:mbsstr:277	</home/anonymous/eqlog-steensgaard-analysis-benchmark/benchmarks/coreutils-8.24/df.bc>:mbsstr:%cur113
</home/anonymous/eqlog-steensgaard-analysis-benchmark/benchmarks/coreutils-8.24/df.bc>:mbsstr:279	</home/anonymous/eqlog-steensgaard-analysis-benchmark/benchmarks/coreutils-8.24/df.bc>:mbsstr:%rneedle
</home/anonymous/eqlog-steensgaard-analysis-benchmark/benchmarks/coreutils-8.24/df.bc>:mbsstr:280	</home/anonymous/eqlog-steensgaard-analysis-benchmark/benchmarks/coreutils-8.24/df.bc>:mbsstr:%cur115
</home/anonymous/eqlog-steensgaard-analysis-benchmark/benchmarks/coreutils-8.24/df.bc>:mbsstr:282	</home/anonymous/eqlog-steensgaard-analysis-benchmark/benchmarks/coreutils-8.24/df.bc>:mbsstr:%55
</home/anonymous/eqlog-steensgaard-analysis-benchmark/benchmarks/coreutils-8.24/df.bc>:mbsstr:284	</home/anonymous/eqlog-steensgaard-analysis-benchmark/benchmarks/coreutils-8.24/df.bc>:mbsstr:%rneedle
</home/anonymous/eqlog-steensgaard-analysis-benchmark/benchmarks/coreutils-8.24/df.bc>:mbsstr:288	</home/anonymous/eqlog-steensgaard-analysis-benchmark/benchmarks/coreutils-8.24/df.bc>:mbsstr:%rneedle
</home/anonymous/eqlog-steensgaard-analysis-benchmark/benchmarks/coreutils-8.24/df.bc>:mbsstr:289	</home/anonymous/eqlog-steensgaard-analysis-benchmark/benchmarks/coreutils-8.24/df.bc>:mbsstr:%cur120
</home/anonymous/eqlog-steensgaard-analysis-benchmark/benchmarks/coreutils-8.24/df.bc>:mbsstr:293	</home/anonymous/eqlog-steensgaard-analysis-benchmark/benchmarks/coreutils-8.24/df.bc>:mbsstr:%rneedle
</home/anonymous/eqlog-steensgaard-analysis-benchmark/benchmarks/coreutils-8.24/df.bc>:mbsstr:294	</home/anonymous/eqlog-steensgaard-analysis-benchmark/benchmarks/coreutils-8.24/df.bc>:mbsstr:%cur124
</home/anonymous/eqlog-steensgaard-analysis-benchmark/benchmarks/coreutils-8.24/df.bc>:mbsstr:301	</home/anonymous/eqlog-steensgaard-analysis-benchmark/benchmarks/coreutils-8.24/df.bc>:mbsstr:%iter_haystack
</home/anonymous/eqlog-steensgaard-analysis-benchmark/benchmarks/coreutils-8.24/df.bc>:mbsstr:302	</home/anonymous/eqlog-steensgaard-analysis-benchmark/benchmarks/coreutils-8.24/df.bc>:mbsstr:%cur130
</home/anonymous/eqlog-steensgaard-analysis-benchmark/benchmarks/coreutils-8.24/df.bc>:mbsstr:307	</home/anonymous/eqlog-steensgaard-analysis-benchmark/benchmarks/coreutils-8.24/df.bc>:mbsstr:%rhaystack
</home/anonymous/eqlog-steensgaard-analysis-benchmark/benchmarks/coreutils-8.24/df.bc>:mbsstr:308	</home/anonymous/eqlog-steensgaard-analysis-benchmark/benchmarks/coreutils-8.24/df.bc>:mbsstr:%cur133
</home/anonymous/eqlog-steensgaard-analysis-benchmark/benchmarks/coreutils-8.24/df.bc>:mbsstr:312	</home/anonymous/eqlog-steensgaard-analysis-benchmark/benchmarks/coreutils-8.24/df.bc>:mbsstr:%rhaystack
</home/anonymous/eqlog-steensgaard-analysis-benchmark/benchmarks/coreutils-8.24/df.bc>:mbsstr:313	</home/anonymous/eqlog-steensgaard-analysis-benchmark/benchmarks/coreutils-8.24/df.bc>:mbsstr:%cur137
</home/anonymous/eqlog-steensgaard-analysis-benchmark/benchmarks/coreutils-8.24/df.bc>:mbsstr:325	</home/anonymous/eqlog-steensgaard-analysis-benchmark/benchmarks/coreutils-8.24/df.bc>:mbsstr:%rhaystack
</home/anonymous/eqlog-steensgaard-analysis-benchmark/benchmarks/coreutils-8.24/df.bc>:mbsstr:326	</home/anonymous/eqlog-steensgaard-analysis-benchmark/benchmarks/coreutils-8.24/df.bc>:mbsstr:%cur145
</home/anonymous/eqlog-steensgaard-analysis-benchmark/benchmarks/coreutils-8.24/df.bc>:mbsstr:330	</home/anonymous/eqlog-steensgaard-analysis-benchmark/benchmarks/coreutils-8.24/df.bc>:mbsstr:%rneedle
</home/anonymous/eqlog-steensgaard-analysis-benchmark/benchmarks/coreutils-8.24/df.bc>:mbsstr:331	</home/anonymous/eqlog-steensgaard-analysis-benchmark/benchmarks/coreutils-8.24/df.bc>:mbsstr:%cur149
</home/anonymous/eqlog-steensgaard-analysis-benchmark/benchmarks/coreutils-8.24/df.bc>:mbsstr:335	</home/anonymous/eqlog-steensgaard-analysis-benchmark/benchmarks/coreutils-8.24/df.bc>:mbsstr:%rhaystack
</home/anonymous/eqlog-steensgaard-analysis-benchmark/benchmarks/coreutils-8.24/df.bc>:mbsstr:336	</home/anonymous/eqlog-steensgaard-analysis-benchmark/benchmarks/coreutils-8.24/df.bc>:mbsstr:%cur153
</home/anonymous/eqlog-steensgaard-analysis-benchmark/benchmarks/coreutils-8.24/df.bc>:mbsstr:338	</home/anonymous/eqlog-steensgaard-analysis-benchmark/benchmarks/coreutils-8.24/df.bc>:mbsstr:%rneedle
</home/anonymous/eqlog-steensgaard-analysis-benchmark/benchmarks/coreutils-8.24/df.bc>:mbsstr:339	</home/anonymous/eqlog-steensgaard-analysis-benchmark/benchmarks/coreutils-8.24/df.bc>:mbsstr:%cur155
</home/anonymous/eqlog-steensgaard-analysis-benchmark/benchmarks/coreutils-8.24/df.bc>:mbsstr:343	</home/anonymous/eqlog-steensgaard-analysis-benchmark/benchmarks/coreutils-8.24/df.bc>:mbsstr:%rhaystack
</home/anonymous/eqlog-steensgaard-analysis-benchmark/benchmarks/coreutils-8.24/df.bc>:mbsstr:344	</home/anonymous/eqlog-steensgaard-analysis-benchmark/benchmarks/coreutils-8.24/df.bc>:mbsstr:%cur159
</home/anonymous/eqlog-steensgaard-analysis-benchmark/benchmarks/coreutils-8.24/df.bc>:mbsstr:346	</home/anonymous/eqlog-steensgaard-analysis-benchmark/benchmarks/coreutils-8.24/df.bc>:mbsstr:%rneedle
</home/anonymous/eqlog-steensgaard-analysis-benchmark/benchmarks/coreutils-8.24/df.bc>:mbsstr:347	</home/anonymous/eqlog-steensgaard-analysis-benchmark/benchmarks/coreutils-8.24/df.bc>:mbsstr:%cur161
</home/anonymous/eqlog-steensgaard-analysis-benchmark/benchmarks/coreutils-8.24/df.bc>:mbsstr:351	</home/anonymous/eqlog-steensgaard-analysis-benchmark/benchmarks/coreutils-8.24/df.bc>:mbsstr:%rhaystack
</home/anonymous/eqlog-steensgaard-analysis-benchmark/benchmarks/coreutils-8.24/df.bc>:mbsstr:352	</home/anonymous/eqlog-steensgaard-analysis-benchmark/benchmarks/coreutils-8.24/df.bc>:mbsstr:%cur165
</home/anonymous/eqlog-steensgaard-analysis-benchmark/benchmarks/coreutils-8.24/df.bc>:mbsstr:354	</home/anonymous/eqlog-steensgaard-analysis-benchmark/benchmarks/coreutils-8.24/df.bc>:mbsstr:%rneedle
</home/anonymous/eqlog-steensgaard-analysis-benchmark/benchmarks/coreutils-8.24/df.bc>:mbsstr:355	</home/anonymous/eqlog-steensgaard-analysis-benchmark/benchmarks/coreutils-8.24/df.bc>:mbsstr:%cur167
</home/anonymous/eqlog-steensgaard-analysis-benchmark/benchmarks/coreutils-8.24/df.bc>:mbsstr:357	</home/anonymous/eqlog-steensgaard-analysis-benchmark/benchmarks/coreutils-8.24/df.bc>:mbsstr:%rhaystack
</home/anonymous/eqlog-steensgaard-analysis-benchmark/benchmarks/coreutils-8.24/df.bc>:mbsstr:358	</home/anonymous/eqlog-steensgaard-analysis-benchmark/benchmarks/coreutils-8.24/df.bc>:mbsstr:%cur169
</home/anonymous/eqlog-steensgaard-analysis-benchmark/benchmarks/coreutils-8.24/df.bc>:mbsstr:365	</home/anonymous/eqlog-steensgaard-analysis-benchmark/benchmarks/coreutils-8.24/df.bc>:mbsstr:%rhaystack
</home/anonymous/eqlog-steensgaard-analysis-benchmark/benchmarks/coreutils-8.24/df.bc>:mbsstr:366	</home/anonymous/eqlog-steensgaard-analysis-benchmark/benchmarks/coreutils-8.24/df.bc>:mbsstr:%cur176
</home/anonymous/eqlog-steensgaard-analysis-benchmark/benchmarks/coreutils-8.24/df.bc>:mbsstr:368	</home/anonymous/eqlog-steensgaard-analysis-benchmark/benchmarks/coreutils-8.24/df.bc>:mbsstr:%rhaystack
</home/anonymous/eqlog-steensgaard-analysis-benchmark/benchmarks/coreutils-8.24/df.bc>:mbsstr:369	</home/anonymous/eqlog-steensgaard-analysis-benchmark/benchmarks/coreutils-8.24/df.bc>:mbsstr:%cur178
</home/anonymous/eqlog-steensgaard-analysis-benchmark/benchmarks/coreutils-8.24/df.bc>:mbsstr:371	</home/anonymous/eqlog-steensgaard-analysis-benchmark/benchmarks/coreutils-8.24/df.bc>:mbsstr:%74
</home/anonymous/eqlog-steensgaard-analysis-benchmark/benchmarks/coreutils-8.24/df.bc>:mbsstr:373	</home/anonymous/eqlog-steensgaard-analysis-benchmark/benchmarks/coreutils-8.24/df.bc>:mbsstr:%rhaystack
</home/anonymous/eqlog-steensgaard-analysis-benchmark/benchmarks/coreutils-8.24/df.bc>:mbsstr:375	</home/anonymous/eqlog-steensgaard-analysis-benchmark/benchmarks/coreutils-8.24/df.bc>:mbsstr:%rneedle
</home/anonymous/eqlog-steensgaard-analysis-benchmark/benchmarks/coreutils-8.24/df.bc>:mbsstr:376	</home/anonymous/eqlog-steensgaard-analysis-benchmark/benchmarks/coreutils-8.24/df.bc>:mbsstr:%cur182
</home/anonymous/eqlog-steensgaard-analysis-benchmark/benchmarks/coreutils-8.24/df.bc>:mbsstr:378	</home/anonymous/eqlog-steensgaard-analysis-benchmark/benchmarks/coreutils-8.24/df.bc>:mbsstr:%rneedle
</home/anonymous/eqlog-steensgaard-analysis-benchmark/benchmarks/coreutils-8.24/df.bc>:mbsstr:379	</home/anonymous/eqlog-steensgaard-analysis-benchmark/benchmarks/coreutils-8.24/df.bc>:mbsstr:%cur184
</home/anonymous/eqlog-steensgaard-analysis-benchmark/benchmarks/coreutils-8.24/df.bc>:mbsstr:381	</home/anonymous/eqlog-steensgaard-analysis-benchmark/benchmarks/coreutils-8.24/df.bc>:mbsstr:%76
</home/anonymous/eqlog-steensgaard-analysis-benchmark/benchmarks/coreutils-8.24/df.bc>:mbsstr:383	</home/anonymous/eqlog-steensgaard-analysis-benchmark/benchmarks/coreutils-8.24/df.bc>:mbsstr:%rneedle
</home/anonymous/eqlog-steensgaard-analysis-benchmark/benchmarks/coreutils-8.24/df.bc>:mbsstr:388	</home/anonymous/eqlog-steensgaard-analysis-benchmark/benchmarks/coreutils-8.24/df.bc>:mbsstr:%iter_haystack
</home/anonymous/eqlog-steensgaard-analysis-benchmark/benchmarks/coreutils-8.24/df.bc>:mbsstr:389	</home/anonymous/eqlog-steensgaard-analysis-benchmark/benchmarks/coreutils-8.24/df.bc>:mbsstr:%cur191
</home/anonymous/eqlog-steensgaard-analysis-benchmark/benchmarks/coreutils-8.24/df.bc>:mbsstr:391	</home/anonymous/eqlog-steensgaard-analysis-benchmark/benchmarks/coreutils-8.24/df.bc>:mbsstr:%iter_haystack
</home/anonymous/eqlog-steensgaard-analysis-benchmark/benchmarks/coreutils-8.24/df.bc>:mbsstr:392	</home/anonymous/eqlog-steensgaard-analysis-benchmark/benchmarks/coreutils-8.24/df.bc>:mbsstr:%cur193
</home/anonymous/eqlog-steensgaard-analysis-benchmark/benchmarks/coreutils-8.24/df.bc>:mbsstr:394	</home/anonymous/eqlog-steensgaard-analysis-benchmark/benchmarks/coreutils-8.24/df.bc>:mbsstr:%78
</home/anonymous/eqlog-steensgaard-analysis-benchmark/benchmarks/coreutils-8.24/df.bc>:mbsstr:396	</home/anonymous/eqlog-steensgaard-analysis-benchmark/benchmarks/coreutils-8.24/df.bc>:mbsstr:%iter_haystack
</home/anonymous/eqlog-steensgaard-analysis-benchmark/benchmarks/coreutils-8.24/df.bc>:mbsstr:420	</home/anonymous/eqlog-steensgaard-analysis-benchmark/benchmarks/coreutils-8.24/df.bc>:mbsstr:%83
</home/anonymous/eqlog-steensgaard-analysis-benchmark/benchmarks/coreutils-8.24/df.bc>:mbsstr:452	</home/anonymous/eqlog-steensgaard-analysis-benchmark/benchmarks/coreutils-8.24/df.bc>:mbsstr:%95
</home/anonymous/eqlog-steensgaard-analysis-benchmark/benchmarks/coreutils-8.24/df.bc>:mbsstr:471	</home/anonymous/eqlog-steensgaard-analysis-benchmark/benchmarks/coreutils-8.24/df.bc>:mbsstr:%101
</home/anonymous/eqlog-steensgaard-analysis-benchmark/benchmarks/coreutils-8.24/df.bc>:mbsstr:473	</home/anonymous/eqlog-steensgaard-analysis-benchmark/benchmarks/coreutils-8.24/df.bc>:mbsstr:%102
</home/anonymous/eqlog-steensgaard-analysis-benchmark/benchmarks/coreutils-8.24/df.bc>:mbsstr:502	</home/anonymous/eqlog-steensgaard-analysis-benchmark/benchmarks/coreutils-8.24/df.bc>:mbsstr:%110
</home/anonymous/eqlog-steensgaard-analysis-benchmark/benchmarks/coreutils-8.24/df.bc>:mbsstr:537	</home/anonymous/eqlog-steensgaard-analysis-benchmark/benchmarks/coreutils-8.24/df.bc>:mbsstr:%122
</home/anonymous/eqlog-steensgaard-analysis-benchmark/benchmarks/coreutils-8.24/df.bc>:mbsstr:540	</home/anonymous/eqlog-steensgaard-analysis-benchmark/benchmarks/coreutils-8.24/df.bc>:mbsstr:%123
</home/anonymous/eqlog-steensgaard-analysis-benchmark/benchmarks/coreutils-8.24/df.bc>:mbsstr:546	</home/anonymous/eqlog-steensgaard-analysis-benchmark/benchmarks/coreutils-8.24/df.bc>:mbsstr:%124
</home/anonymous/eqlog-steensgaard-analysis-benchmark/benchmarks/coreutils-8.24/df.bc>:knuth_morris_pratt_multibyte:43	</home/anonymous/eqlog-steensgaard-analysis-benchmark/benchmarks/coreutils-8.24/df.bc>:knuth_morris_pratt_multibyte:%4
</home/anonymous/eqlog-steensgaard-analysis-benchmark/benchmarks/coreutils-8.24/df.bc>:knuth_morris_pratt_multibyte:64	</home/anonymous/eqlog-steensgaard-analysis-benchmark/benchmarks/coreutils-8.24/df.bc>:knuth_morris_pratt_multibyte:%9
</home/anonymous/eqlog-steensgaard-analysis-benchmark/benchmarks/coreutils-8.24/df.bc>:knuth_morris_pratt_multibyte:74	</home/anonymous/eqlog-steensgaard-analysis-benchmark/benchmarks/coreutils-8.24/df.bc>:knuth_morris_pratt_multibyte:%iter
</home/anonymous/eqlog-steensgaard-analysis-benchmark/benchmarks/coreutils-8.24/df.bc>:knuth_morris_pratt_multibyte:75	</home/anonymous/eqlog-steensgaard-analysis-benchmark/benchmarks/coreutils-8.24/df.bc>:knuth_morris_pratt_multibyte:%cur
</home/anonymous/eqlog-steensgaard-analysis-benchmark/benchmarks/coreutils-8.24/df.bc>:knuth_morris_pratt_multibyte:77	</home/anonymous/eqlog-steensgaard-analysis-benchmark/benchmarks/coreutils-8.24/df.bc>:knuth_morris_pratt_multibyte:%iter
</home/anonymous/eqlog-steensgaard-analysis-benchmark/benchmarks/coreutils-8.24/df.bc>:knuth_morris_pratt_multibyte:79	</home/anonymous/eqlog-steensgaard-analysis-benchmark/benchmarks/coreutils-8.24/df.bc>:knuth_morris_pratt_multibyte:%iter
</home/anonymous/eqlog-steensgaard-analysis-benchmark/benchmarks/coreutils-8.24/df.bc>:knuth_morris_pratt_multibyte:82	</home/anonymous/eqlog-steensgaard-analysis-benchmark/benchmarks/coreutils-8.24/df.bc>:knuth_morris_pratt_multibyte:%iter
</home/anonymous/eqlog-steensgaard-analysis-benchmark/benchmarks/coreutils-8.24/df.bc>:knuth_morris_pratt_multibyte:86	</home/anonymous/eqlog-steensgaard-analysis-benchmark/benchmarks/coreutils-8.24/df.bc>:knuth_morris_pratt_multibyte:%iter
</home/anonymous/eqlog-steensgaard-analysis-benchmark/benchmarks/coreutils-8.24/df.bc>:knuth_morris_pratt_multibyte:87	</home/anonymous/eqlog-steensgaard-analysis-benchmark/benchmarks/coreutils-8.24/df.bc>:knuth_morris_pratt_multibyte:%cur11
</home/anonymous/eqlog-steensgaard-analysis-benchmark/benchmarks/coreutils-8.24/df.bc>:knuth_morris_pratt_multibyte:91	</home/anonymous/eqlog-steensgaard-analysis-benchmark/benchmarks/coreutils-8.24/df.bc>:knuth_morris_pratt_multibyte:%iter
</home/anonymous/eqlog-steensgaard-analysis-benchmark/benchmarks/coreutils-8.24/df.bc>:knuth_morris_pratt_multibyte:92	</home/anonymous/eqlog-steensgaard-analysis-benchmark/benchmarks/coreutils-8.24/df.bc>:knuth_morris_pratt_multibyte:%cur12
</home/anonymous/eqlog-steensgaard-analysis-benchmark/benchmarks/coreutils-8.24/df.bc>:knuth_morris_pratt_multibyte:101	</home/anonymous/eqlog-steensgaard-analysis-benchmark/benchmarks/coreutils-8.24/df.bc>:knuth_morris_pratt_multibyte:%20
</home/anonymous/eqlog-steensgaard-analysis-benchmark/benchmarks/coreutils-8.24/df.bc>:knuth_morris_pratt_multibyte:102	</home/anonymous/eqlog-steensgaard-analysis-benchmark/benchmarks/coreutils-8.24/df.bc>:knuth_morris_pratt_multibyte:%iter
</home/anonymous/eqlog-steensgaard-analysis-benchmark/benchmarks/coreutils-8.24/df.bc>:knuth_morris_pratt_multibyte:105	</home/anonymous/eqlog-steensgaard-analysis-benchmark/benchmarks/coreutils-8.24/df.bc>:knuth_morris_pratt_multibyte:%iter
</home/anonymous/eqlog-steensgaard-analysis-benchmark/benchmarks/coreutils-8.24/df.bc>:knuth_morris_pratt_multibyte:106	</home/anonymous/eqlog-steensgaard-analysis-benchmark/benchmarks/coreutils-8.24/df.bc>:knuth_morris_pratt_multibyte:%cur15
</home/anonymous/eqlog-steensgaard-analysis-benchmark/benchmarks/coreutils-8.24/df.bc>:knuth_morris_pratt_multibyte:108	</home/anonymous/eqlog-steensgaard-analysis-benchmark/benchmarks/coreutils-8.24/df.bc>:knuth_morris_pratt_multibyte:%iter
</home/anonymous/eqlog-steensgaard-analysis-benchmark/benchmarks/coreutils-8.24/df.bc>:knuth_morris_pratt_multibyte:109	</home/anonymous/eqlog-steensgaard-analysis-benchmark/benchmarks/coreutils-8.24/df.bc>:knuth_morris_pratt_multibyte:%cur16
</home/anonymous/eqlog-steensgaard-analysis-benchmark/benchmarks/coreutils-8.24/df.bc>:knuth_morris_pratt_multibyte:111	</home/anonymous/eqlog-steensgaard-analysis-benchmark/benchmarks/coreutils-8.24/df.bc>:knuth_morris_pratt_multibyte:%22
</home/anonymous/eqlog-steensgaard-analysis-benchmark/benchmarks/coreutils-8.24/df.bc>:knuth_morris_pratt_multibyte:113	</home/anonymous/eqlog-steensgaard-analysis-benchmark/benchmarks/coreutils-8.24/df.bc>:knuth_morris_pratt_multibyte:%iter
</home/anonymous/eqlog-steensgaard-analysis-benchmark/benchmarks/coreutils-8.24/df.bc>:knuth_morris_pratt_multibyte:122	</home/anonymous/eqlog-steensgaard-analysis-benchmark/benchmarks/coreutils-8.24/df.bc>:knuth_morris_pratt_multibyte:%24
</home/anonymous/eqlog-steensgaard-analysis-benchmark/benchmarks/coreutils-8.24/df.bc>:knuth_morris_pratt_multibyte:135	</home/anonymous/eqlog-steensgaard-analysis-benchmark/benchmarks/coreutils-8.24/df.bc>:knuth_morris_pratt_multibyte:%28
</home/anonymous/eqlog-steensgaard-analysis-benchmark/benchmarks/coreutils-8.24/df.bc>:knuth_morris_pratt_multibyte:139	</home/anonymous/eqlog-steensgaard-analysis-benchmark/benchmarks/coreutils-8.24/df.bc>:knuth_morris_pratt_multibyte:%29
</home/anonymous/eqlog-steensgaard-analysis-benchmark/benchmarks/coreutils-8.24/df.bc>:knuth_morris_pratt_multibyte:145	</home/anonymous/eqlog-steensgaard-analysis-benchmark/benchmarks/coreutils-8.24/df.bc>:knuth_morris_pratt_multibyte:%32
</home/anonymous/eqlog-steensgaard-analysis-benchmark/benchmarks/coreutils-8.24/df.bc>:knuth_morris_pratt_multibyte:146	</home/anonymous/eqlog-steensgaard-analysis-benchmark/benchmarks/coreutils-8.24/df.bc>:knuth_morris_pratt_multibyte:%arrayidx29
</home/anonymous/eqlog-steensgaard-analysis-benchmark/benchmarks/coreutils-8.24/df.bc>:knuth_morris_pratt_multibyte:151	</home/anonymous/eqlog-steensgaard-analysis-benchmark/benchmarks/coreutils-8.24/df.bc>:knuth_morris_pratt_multibyte:%34
</home/anonymous/eqlog-steensgaard-analysis-benchmark/benchmarks/coreutils-8.24/df.bc>:knuth_morris_pratt_multibyte:155	</home/anonymous/eqlog-steensgaard-analysis-benchmark/benchmarks/coreutils-8.24/df.bc>:knuth_morris_pratt_multibyte:%37
</home/anonymous/eqlog-steensgaard-analysis-benchmark/benchmarks/coreutils-8.24/df.bc>:knuth_morris_pratt_multibyte:156	</home/anonymous/eqlog-steensgaard-analysis-benchmark/benchmarks/coreutils-8.24/df.bc>:knuth_morris_pratt_multibyte:%arrayidx34
</home/anonymous/eqlog-steensgaard-analysis-benchmark/benchmarks/coreutils-8.24/df.bc>:knuth_morris_pratt_multibyte:161	</home/anonymous/eqlog-steensgaard-analysis-benchmark/benchmarks/coreutils-8.24/df.bc>:knuth_morris_pratt_multibyte:%39
</home/anonymous/eqlog-steensgaard-analysis-benchmark/benchmarks/coreutils-8.24/df.bc>:knuth_morris_pratt_multibyte:165	</home/anonymous/eqlog-steensgaard-analysis-benchmark/benchmarks/coreutils-8.24/df.bc>:knuth_morris_pratt_multibyte:%42
</home/anonymous/eqlog-steensgaard-analysis-benchmark/benchmarks/coreutils-8.24/df.bc>:knuth_morris_pratt_multibyte:166	</home/anonymous/eqlog-steensgaard-analysis-benchmark/benchmarks/coreutils-8.24/df.bc>:knuth_morris_pratt_multibyte:%arrayidx39
</home/anonymous/eqlog-steensgaard-analysis-benchmark/benchmarks/coreutils-8.24/df.bc>:knuth_morris_pratt_multibyte:171	</home/anonymous/eqlog-steensgaard-analysis-benchmark/benchmarks/coreutils-8.24/df.bc>:knuth_morris_pratt_multibyte:%44
</home/anonymous/eqlog-steensgaard-analysis-benchmark/benchmarks/coreutils-8.24/df.bc>:knuth_morris_pratt_multibyte:175	</home/anonymous/eqlog-steensgaard-analysis-benchmark/benchmarks/coreutils-8.24/df.bc>:knuth_morris_pratt_multibyte:%47
</home/anonymous/eqlog-steensgaard-analysis-benchmark/benchmarks/coreutils-8.24/df.bc>:knuth_morris_pratt_multibyte:176	</home/anonymous/eqlog-steensgaard-analysis-benchmark/benchmarks/coreutils-8.24/df.bc>:knuth_morris_pratt_multibyte:%arrayidx44
</home/anonymous/eqlog-steensgaard-analysis-benchmark/benchmarks/coreutils-8.24/df.bc>:knuth_morris_pratt_multibyte:179	</home/anonymous/eqlog-steensgaard-analysis-benchmark/benchmarks/coreutils-8.24/df.bc>:knuth_morris_pratt_multibyte:%49
</home/anonymous/eqlog-steensgaard-analysis-benchmark/benchmarks/coreutils-8.24/df.bc>:knuth_morris_pratt_multibyte:191	</home/anonymous/eqlog-steensgaard-analysis-benchmark/benchmarks/coreutils-8.24/df.bc>:knuth_morris_pratt_multibyte:%54
</home/anonymous/eqlog-steensgaard-analysis-benchmark/benchmarks/coreutils-8.24/df.bc>:knuth_morris_pratt_multibyte:200	</home/anonymous/eqlog-steensgaard-analysis-benchmark/benchmarks/coreutils-8.24/df.bc>:knuth_morris_pratt_multibyte:%58
</home/anonymous/eqlog-steensgaard-analysis-benchmark/benchmarks/coreutils-8.24/df.bc>:knuth_morris_pratt_multibyte:206	</home/anonymous/eqlog-steensgaard-analysis-benchmark/benchmarks/coreutils-8.24/df.bc>:knuth_morris_pratt_multibyte:%61
</home/anonymous/eqlog-steensgaard-analysis-benchmark/benchmarks/coreutils-8.24/df.bc>:knuth_morris_pratt_multibyte:223	</home/anonymous/eqlog-steensgaard-analysis-benchmark/benchmarks/coreutils-8.24/df.bc>:knuth_morris_pratt_multibyte:%rhaystack
</home/anonymous/eqlog-steensgaard-analysis-benchmark/benchmarks/coreutils-8.24/df.bc>:knuth_morris_pratt_multibyte:224	</home/anonymous/eqlog-steensgaard-analysis-benchmark/benchmarks/coreutils-8.24/df.bc>:knuth_morris_pratt_multibyte:%cur65
</home/anonymous/eqlog-steensgaard-analysis-benchmark/benchmarks/coreutils-8.24/df.bc>:knuth_morris_pratt_multibyte:226	</home/anonymous/eqlog-steensgaard-analysis-benchmark/benchmarks/coreutils-8.24/df.bc>:knuth_morris_pratt_multibyte:%rhaystack
</home/anonymous/eqlog-steensgaard-analysis-benchmark/benchmarks/coreutils-8.24/df.bc>:knuth_morris_pratt_multibyte:228	</home/anonymous/eqlog-steensgaard-analysis-benchmark/benchmarks/coreutils-8.24/df.bc>:knuth_morris_pratt_multibyte:%rhaystack
</home/anonymous/eqlog-steensgaard-analysis-benchmark/benchmarks/coreutils-8.24/df.bc>:knuth_morris_pratt_multibyte:231	</home/anonymous/eqlog-steensgaard-analysis-benchmark/benchmarks/coreutils-8.24/df.bc>:knuth_morris_pratt_multibyte:%rhaystack
</home/anonymous/eqlog-steensgaard-analysis-benchmark/benchmarks/coreutils-8.24/df.bc>:knuth_morris_pratt_multibyte:234	</home/anonymous/eqlog-steensgaard-analysis-benchmark/benchmarks/coreutils-8.24/df.bc>:knuth_morris_pratt_multibyte:%phaystack
</home/anonymous/eqlog-steensgaard-analysis-benchmark/benchmarks/coreutils-8.24/df.bc>:knuth_morris_pratt_multibyte:235	</home/anonymous/eqlog-steensgaard-analysis-benchmark/benchmarks/coreutils-8.24/df.bc>:knuth_morris_pratt_multibyte:%cur70
</home/anonymous/eqlog-steensgaard-analysis-benchmark/benchmarks/coreutils-8.24/df.bc>:knuth_morris_pratt_multibyte:237	</home/anonymous/eqlog-steensgaard-analysis-benchmark/benchmarks/coreutils-8.24/df.bc>:knuth_morris_pratt_multibyte:%phaystack
</home/anonymous/eqlog-steensgaard-analysis-benchmark/benchmarks/coreutils-8.24/df.bc>:knuth_morris_pratt_multibyte:239	</home/anonymous/eqlog-steensgaard-analysis-benchmark/benchmarks/coreutils-8.24/df.bc>:knuth_morris_pratt_multibyte:%phaystack
</home/anonymous/eqlog-steensgaard-analysis-benchmark/benchmarks/coreutils-8.24/df.bc>:knuth_morris_pratt_multibyte:242	</home/anonymous/eqlog-steensgaard-analysis-benchmark/benchmarks/coreutils-8.24/df.bc>:knuth_morris_pratt_multibyte:%phaystack
</home/anonymous/eqlog-steensgaard-analysis-benchmark/benchmarks/coreutils-8.24/df.bc>:knuth_morris_pratt_multibyte:246	</home/anonymous/eqlog-steensgaard-analysis-benchmark/benchmarks/coreutils-8.24/df.bc>:knuth_morris_pratt_multibyte:%phaystack
</home/anonymous/eqlog-steensgaard-analysis-benchmark/benchmarks/coreutils-8.24/df.bc>:knuth_morris_pratt_multibyte:247	</home/anonymous/eqlog-steensgaard-analysis-benchmark/benchmarks/coreutils-8.24/df.bc>:knuth_morris_pratt_multibyte:%cur75
</home/anonymous/eqlog-steensgaard-analysis-benchmark/benchmarks/coreutils-8.24/df.bc>:knuth_morris_pratt_multibyte:251	</home/anonymous/eqlog-steensgaard-analysis-benchmark/benchmarks/coreutils-8.24/df.bc>:knuth_morris_pratt_multibyte:%phaystack
</home/anonymous/eqlog-steensgaard-analysis-benchmark/benchmarks/coreutils-8.24/df.bc>:knuth_morris_pratt_multibyte:252	</home/anonymous/eqlog-steensgaard-analysis-benchmark/benchmarks/coreutils-8.24/df.bc>:knuth_morris_pratt_multibyte:%cur79
</home/anonymous/eqlog-steensgaard-analysis-benchmark/benchmarks/coreutils-8.24/df.bc>:knuth_morris_pratt_multibyte:261	</home/anonymous/eqlog-steensgaard-analysis-benchmark/benchmarks/coreutils-8.24/df.bc>:knuth_morris_pratt_multibyte:%73
</home/anonymous/eqlog-steensgaard-analysis-benchmark/benchmarks/coreutils-8.24/df.bc>:knuth_morris_pratt_multibyte:262	</home/anonymous/eqlog-steensgaard-analysis-benchmark/benchmarks/coreutils-8.24/df.bc>:knuth_morris_pratt_multibyte:%arrayidx84
</home/anonymous/eqlog-steensgaard-analysis-benchmark/benchmarks/coreutils-8.24/df.bc>:knuth_morris_pratt_multibyte:266	</home/anonymous/eqlog-steensgaard-analysis-benchmark/benchmarks/coreutils-8.24/df.bc>:knuth_morris_pratt_multibyte:%phaystack
</home/anonymous/eqlog-steensgaard-analysis-benchmark/benchmarks/coreutils-8.24/df.bc>:knuth_morris_pratt_multibyte:267	</home/anonymous/eqlog-steensgaard-analysis-benchmark/benchmarks/coreutils-8.24/df.bc>:knuth_morris_pratt_multibyte:%cur88
</home/anonymous/eqlog-steensgaard-analysis-benchmark/benchmarks/coreutils-8.24/df.bc>:knuth_morris_pratt_multibyte:273	</home/anonymous/eqlog-steensgaard-analysis-benchmark/benchmarks/coreutils-8.24/df.bc>:knuth_morris_pratt_multibyte:%77
</home/anonymous/eqlog-steensgaard-analysis-benchmark/benchmarks/coreutils-8.24/df.bc>:knuth_morris_pratt_multibyte:274	</home/anonymous/eqlog-steensgaard-analysis-benchmark/benchmarks/coreutils-8.24/df.bc>:knuth_morris_pratt_multibyte:%arrayidx92
</home/anonymous/eqlog-steensgaard-analysis-benchmark/benchmarks/coreutils-8.24/df.bc>:knuth_morris_pratt_multibyte:276	</home/anonymous/eqlog-steensgaard-analysis-benchmark/benchmarks/coreutils-8.24/df.bc>:knuth_morris_pratt_multibyte:%phaystack
</home/anonymous/eqlog-steensgaard-analysis-benchmark/benchmarks/coreutils-8.24/df.bc>:knuth_morris_pratt_multibyte:277	</home/anonymous/eqlog-steensgaard-analysis-benchmark/benchmarks/coreutils-8.24/df.bc>:knuth_morris_pratt_multibyte:%cur94
</home/anonymous/eqlog-steensgaard-analysis-benchmark/benchmarks/coreutils-8.24/df.bc>:knuth_morris_pratt_multibyte:283	</home/anonymous/eqlog-steensgaard-analysis-benchmark/benchmarks/coreutils-8.24/df.bc>:knuth_morris_pratt_multibyte:%81
</home/anonymous/eqlog-steensgaard-analysis-benchmark/benchmarks/coreutils-8.24/df.bc>:knuth_morris_pratt_multibyte:284	</home/anonymous/eqlog-steensgaard-analysis-benchmark/benchmarks/coreutils-8.24/df.bc>:knuth_morris_pratt_multibyte:%arrayidx98
</home/anonymous/eqlog-steensgaard-analysis-benchmark/benchmarks/coreutils-8.24/df.bc>:knuth_morris_pratt_multibyte:286	</home/anonymous/eqlog-steensgaard-analysis-benchmark/benchmarks/coreutils-8.24/df.bc>:knuth_morris_pratt_multibyte:%phaystack
</home/anonymous/eqlog-steensgaard-analysis-benchmark/benchmarks/coreutils-8.24/df.bc>:knuth_morris_pratt_multibyte:287	</home/anonymous/eqlog-steensgaard-analysis-benchmark/benchmarks/coreutils-8.24/df.bc>:knuth_morris_pratt_multibyte:%cur100
</home/anonymous/eqlog-steensgaard-analysis-benchmark/benchmarks/coreutils-8.24/df.bc>:knuth_morris_pratt_multibyte:293	</home/anonymous/eqlog-steensgaard-analysis-benchmark/benchmarks/coreutils-8.24/df.bc>:knuth_morris_pratt_multibyte:%85
</home/anonymous/eqlog-steensgaard-analysis-benchmark/benchmarks/coreutils-8.24/df.bc>:knuth_morris_pratt_multibyte:294	</home/anonymous/eqlog-steensgaard-analysis-benchmark/benchmarks/coreutils-8.24/df.bc>:knuth_morris_pratt_multibyte:%arrayidx104
</home/anonymous/eqlog-steensgaard-analysis-benchmark/benchmarks/coreutils-8.24/df.bc>:knuth_morris_pratt_multibyte:296	</home/anonymous/eqlog-steensgaard-analysis-benchmark/benchmarks/coreutils-8.24/df.bc>:knuth_morris_pratt_multibyte:%phaystack
</home/anonymous/eqlog-steensgaard-analysis-benchmark/benchmarks/coreutils-8.24/df.bc>:knuth_morris_pratt_multibyte:297	</home/anonymous/eqlog-steensgaard-analysis-benchmark/benchmarks/coreutils-8.24/df.bc>:knuth_morris_pratt_multibyte:%cur106
</home/anonymous/eqlog-steensgaard-analysis-benchmark/benchmarks/coreutils-8.24/df.bc>:knuth_morris_pratt_multibyte:301	</home/anonymous/eqlog-steensgaard-analysis-benchmark/benchmarks/coreutils-8.24/df.bc>:knuth_morris_pratt_multibyte:%89
</home/anonymous/eqlog-steensgaard-analysis-benchmark/benchmarks/coreutils-8.24/df.bc>:knuth_morris_pratt_multibyte:302	</home/anonymous/eqlog-steensgaard-analysis-benchmark/benchmarks/coreutils-8.24/df.bc>:knuth_morris_pratt_multibyte:%arrayidx108
</home/anonymous/eqlog-steensgaard-analysis-benchmark/benchmarks/coreutils-8.24/df.bc>:knuth_morris_pratt_multibyte:310	</home/anonymous/eqlog-steensgaard-analysis-benchmark/benchmarks/coreutils-8.24/df.bc>:knuth_morris_pratt_multibyte:%phaystack
</home/anonymous/eqlog-steensgaard-analysis-benchmark/benchmarks/coreutils-8.24/df.bc>:knuth_morris_pratt_multibyte:311	</home/anonymous/eqlog-steensgaard-analysis-benchmark/benchmarks/coreutils-8.24/df.bc>:knuth_morris_pratt_multibyte:%cur114
</home/anonymous/eqlog-steensgaard-analysis-benchmark/benchmarks/coreutils-8.24/df.bc>:knuth_morris_pratt_multibyte:313	</home/anonymous/eqlog-steensgaard-analysis-benchmark/benchmarks/coreutils-8.24/df.bc>:knuth_morris_pratt_multibyte:%phaystack
</home/anonymous/eqlog-steensgaard-analysis-benchmark/benchmarks/coreutils-8.24/df.bc>:knuth_morris_pratt_multibyte:314	</home/anonymous/eqlog-steensgaard-analysis-benchmark/benchmarks/coreutils-8.24/df.bc>:knuth_morris_pratt_multibyte:%cur116
</home/anonymous/eqlog-steensgaard-analysis-benchmark/benchmarks/coreutils-8.24/df.bc>:knuth_morris_pratt_multibyte:316	</home/anonymous/eqlog-steensgaard-analysis-benchmark/benchmarks/coreutils-8.24/df.bc>:knuth_morris_pratt_multibyte:%93
</home/anonymous/eqlog-steensgaard-analysis-benchmark/benchmarks/coreutils-8.24/df.bc>:knuth_morris_pratt_multibyte:318	</home/anonymous/eqlog-steensgaard-analysis-benchmark/benchmarks/coreutils-8.24/df.bc>:knuth_morris_pratt_multibyte:%phaystack
</home/anonymous/eqlog-steensgaard-analysis-benchmark/benchmarks/coreutils-8.24/df.bc>:knuth_morris_pratt_multibyte:324	</home/anonymous/eqlog-steensgaard-analysis-benchmark/benchmarks/coreutils-8.24/df.bc>:knuth_morris_pratt_multibyte:%rhaystack
</home/anonymous/eqlog-steensgaard-analysis-benchmark/benchmarks/coreutils-8.24/df.bc>:knuth_morris_pratt_multibyte:325	</home/anonymous/eqlog-steensgaard-analysis-benchmark/benchmarks/coreutils-8.24/df.bc>:knuth_morris_pratt_multibyte:%cur122
</home/anonymous/eqlog-steensgaard-analysis-benchmark/benchmarks/coreutils-8.24/df.bc>:knuth_morris_pratt_multibyte:337	</home/anonymous/eqlog-steensgaard-analysis-benchmark/benchmarks/coreutils-8.24/df.bc>:knuth_morris_pratt_multibyte:%100
</home/anonymous/eqlog-steensgaard-analysis-benchmark/benchmarks/coreutils-8.24/df.bc>:knuth_morris_pratt_multibyte:349	</home/anonymous/eqlog-steensgaard-analysis-benchmark/benchmarks/coreutils-8.24/df.bc>:knuth_morris_pratt_multibyte:%rhaystack
</home/anonymous/eqlog-steensgaard-analysis-benchmark/benchmarks/coreutils-8.24/df.bc>:knuth_morris_pratt_multibyte:350	</home/anonymous/eqlog-steensgaard-analysis-benchmark/benchmarks/coreutils-8.24/df.bc>:knuth_morris_pratt_multibyte:%cur132
</home/anonymous/eqlog-steensgaard-analysis-benchmark/benchmarks/coreutils-8.24/df.bc>:knuth_morris_pratt_multibyte:354	</home/anonymous/eqlog-steensgaard-analysis-benchmark/benchmarks/coreutils-8.24/df.bc>:knuth_morris_pratt_multibyte:%rhaystack
</home/anonymous/eqlog-steensgaard-analysis-benchmark/benchmarks/coreutils-8.24/df.bc>:knuth_morris_pratt_multibyte:355	</home/anonymous/eqlog-steensgaard-analysis-benchmark/benchmarks/coreutils-8.24/df.bc>:knuth_morris_pratt_multibyte:%cur136
</home/anonymous/eqlog-steensgaard-analysis-benchmark/benchmarks/coreutils-8.24/df.bc>:knuth_morris_pratt_multibyte:364	</home/anonymous/eqlog-steensgaard-analysis-benchmark/benchmarks/coreutils-8.24/df.bc>:knuth_morris_pratt_multibyte:%rhaystack
</home/anonymous/eqlog-steensgaard-analysis-benchmark/benchmarks/coreutils-8.24/df.bc>:knuth_morris_pratt_multibyte:365	</home/anonymous/eqlog-steensgaard-analysis-benchmark/benchmarks/coreutils-8.24/df.bc>:knuth_morris_pratt_multibyte:%cur143
</home/anonymous/eqlog-steensgaard-analysis-benchmark/benchmarks/coreutils-8.24/df.bc>:knuth_morris_pratt_multibyte:367	</home/anonymous/eqlog-steensgaard-analysis-benchmark/benchmarks/coreutils-8.24/df.bc>:knuth_morris_pratt_multibyte:%rhaystack
</home/anonymous/eqlog-steensgaard-analysis-benchmark/benchmarks/coreutils-8.24/df.bc>:knuth_morris_pratt_multibyte:368	</home/anonymous/eqlog-steensgaard-analysis-benchmark/benchmarks/coreutils-8.24/df.bc>:knuth_morris_pratt_multibyte:%cur145
</home/anonymous/eqlog-steensgaard-analysis-benchmark/benchmarks/coreutils-8.24/df.bc>:knuth_morris_pratt_multibyte:370	</home/anonymous/eqlog-steensgaard-analysis-benchmark/benchmarks/coreutils-8.24/df.bc>:knuth_morris_pratt_multibyte:%109
</home/anonymous/eqlog-steensgaard-analysis-benchmark/benchmarks/coreutils-8.24/df.bc>:knuth_morris_pratt_multibyte:372	</home/anonymous/eqlog-steensgaard-analysis-benchmark/benchmarks/coreutils-8.24/df.bc>:knuth_morris_pratt_multibyte:%rhaystack
</home/anonymous/eqlog-steensgaard-analysis-benchmark/benchmarks/coreutils-8.24/df.bc>:knuth_morris_pratt_multibyte:381	</home/anonymous/eqlog-steensgaard-analysis-benchmark/benchmarks/coreutils-8.24/df.bc>:knuth_morris_pratt_multibyte:%rhaystack
</home/anonymous/eqlog-steensgaard-analysis-benchmark/benchmarks/coreutils-8.24/df.bc>:knuth_morris_pratt_multibyte:382	</home/anonymous/eqlog-steensgaard-analysis-benchmark/benchmarks/coreutils-8.24/df.bc>:knuth_morris_pratt_multibyte:%cur152
</home/anonymous/eqlog-steensgaard-analysis-benchmark/benchmarks/coreutils-8.24/df.bc>:knuth_morris_pratt_multibyte:386	</home/anonymous/eqlog-steensgaard-analysis-benchmark/benchmarks/coreutils-8.24/df.bc>:knuth_morris_pratt_multibyte:%rhaystack
</home/anonymous/eqlog-steensgaard-analysis-benchmark/benchmarks/coreutils-8.24/df.bc>:knuth_morris_pratt_multibyte:387	</home/anonymous/eqlog-steensgaard-analysis-benchmark/benchmarks/coreutils-8.24/df.bc>:knuth_morris_pratt_multibyte:%cur156
</home/anonymous/eqlog-steensgaard-analysis-benchmark/benchmarks/coreutils-8.24/df.bc>:knuth_morris_pratt_multibyte:396	</home/anonymous/eqlog-steensgaard-analysis-benchmark/benchmarks/coreutils-8.24/df.bc>:knuth_morris_pratt_multibyte:%rhaystack
</home/anonymous/eqlog-steensgaard-analysis-benchmark/benchmarks/coreutils-8.24/df.bc>:knuth_morris_pratt_multibyte:397	</home/anonymous/eqlog-steensgaard-analysis-benchmark/benchmarks/coreutils-8.24/df.bc>:knuth_morris_pratt_multibyte:%cur163
</home/anonymous/eqlog-steensgaard-analysis-benchmark/benchmarks/coreutils-8.24/df.bc>:knuth_morris_pratt_multibyte:399	</home/anonymous/eqlog-steensgaard-analysis-benchmark/benchmarks/coreutils-8.24/df.bc>:knuth_morris_pratt_multibyte:%rhaystack
</home/anonymous/eqlog-steensgaard-analysis-benchmark/benchmarks/coreutils-8.24/df.bc>:knuth_morris_pratt_multibyte:400	</home/anonymous/eqlog-steensgaard-analysis-benchmark/benchmarks/coreutils-8.24/df.bc>:knuth_morris_pratt_multibyte:%cur165
</home/anonymous/eqlog-steensgaard-analysis-benchmark/benchmarks/coreutils-8.24/df.bc>:knuth_morris_pratt_multibyte:402	</home/anonymous/eqlog-steensgaard-analysis-benchmark/benchmarks/coreutils-8.24/df.bc>:knuth_morris_pratt_multibyte:%115
</home/anonymous/eqlog-steensgaard-analysis-benchmark/benchmarks/coreutils-8.24/df.bc>:knuth_morris_pratt_multibyte:404	</home/anonymous/eqlog-steensgaard-analysis-benchmark/benchmarks/coreutils-8.24/df.bc>:knuth_morris_pratt_multibyte:%rhaystack
</home/anonymous/eqlog-steensgaard-analysis-benchmark/benchmarks/coreutils-8.24/df.bc>:knuth_morris_pratt_multibyte:406	</home/anonymous/eqlog-steensgaard-analysis-benchmark/benchmarks/coreutils-8.24/df.bc>:knuth_morris_pratt_multibyte:%phaystack
</home/anonymous/eqlog-steensgaard-analysis-benchmark/benchmarks/coreutils-8.24/df.bc>:knuth_morris_pratt_multibyte:407	</home/anonymous/eqlog-steensgaard-analysis-benchmark/benchmarks/coreutils-8.24/df.bc>:knuth_morris_pratt_multibyte:%cur169
</home/anonymous/eqlog-steensgaard-analysis-benchmark/benchmarks/coreutils-8.24/df.bc>:knuth_morris_pratt_multibyte:409	</home/anonymous/eqlog-steensgaard-analysis-benchmark/benchmarks/coreutils-8.24/df.bc>:knuth_morris_pratt_multibyte:%phaystack
</home/anonymous/eqlog-steensgaard-analysis-benchmark/benchmarks/coreutils-8.24/df.bc>:knuth_morris_pratt_multibyte:410	</home/anonymous/eqlog-steensgaard-analysis-benchmark/benchmarks/coreutils-8.24/df.bc>:knuth_morris_pratt_multibyte:%cur171
</home/anonymous/eqlog-steensgaard-analysis-benchmark/benchmarks/coreutils-8.24/df.bc>:knuth_morris_pratt_multibyte:412	</home/anonymous/eqlog-steensgaard-analysis-benchmark/benchmarks/coreutils-8.24/df.bc>:knuth_morris_pratt_multibyte:%117
</home/anonymous/eqlog-steensgaard-analysis-benchmark/benchmarks/coreutils-8.24/df.bc>:knuth_morris_pratt_multibyte:414	</home/anonymous/eqlog-steensgaard-analysis-benchmark/benchmarks/coreutils-8.24/df.bc>:knuth_morris_pratt_multibyte:%phaystack
</home/anonymous/eqlog-steensgaard-analysis-benchmark/benchmarks/coreutils-8.24/df.bc>:knuth_morris_pratt:37	</home/anonymous/eqlog-steensgaard-analysis-benchmark/benchmarks/coreutils-8.24/df.bc>:knuth_morris_pratt:%4
</home/anonymous/eqlog-steensgaard-analysis-benchmark/benchmarks/coreutils-8.24/df.bc>:knuth_morris_pratt:56	</home/anonymous/eqlog-steensgaard-analysis-benchmark/benchmarks/coreutils-8.24/df.bc>:knuth_morris_pratt:%8
</home/anonymous/eqlog-steensgaard-analysis-benchmark/benchmarks/coreutils-8.24/df.bc>:knuth_morris_pratt:69	</home/anonymous/eqlog-steensgaard-analysis-benchmark/benchmarks/coreutils-8.24/df.bc>:knuth_morris_pratt:%12
</home/anonymous/eqlog-steensgaard-analysis-benchmark/benchmarks/coreutils-8.24/df.bc>:knuth_morris_pratt:77	</home/anonymous/eqlog-steensgaard-analysis-benchmark/benchmarks/coreutils-8.24/df.bc>:knuth_morris_pratt:%16
</home/anonymous/eqlog-steensgaard-analysis-benchmark/benchmarks/coreutils-8.24/df.bc>:knuth_morris_pratt:89	</home/anonymous/eqlog-steensgaard-analysis-benchmark/benchmarks/coreutils-8.24/df.bc>:knuth_morris_pratt:%21
</home/anonymous/eqlog-steensgaard-analysis-benchmark/benchmarks/coreutils-8.24/df.bc>:knuth_morris_pratt:98	</home/anonymous/eqlog-steensgaard-analysis-benchmark/benchmarks/coreutils-8.24/df.bc>:knuth_morris_pratt:%25
</home/anonymous/eqlog-steensgaard-analysis-benchmark/benchmarks/coreutils-8.24/df.bc>:knuth_morris_pratt:104	</home/anonymous/eqlog-steensgaard-analysis-benchmark/benchmarks/coreutils-8.24/df.bc>:knuth_morris_pratt:%28
</home/anonymous/eqlog-steensgaard-analysis-benchmark/benchmarks/coreutils-8.24/df.bc>:knuth_morris_pratt:132	</home/anonymous/eqlog-steensgaard-analysis-benchmark/benchmarks/coreutils-8.24/df.bc>:knuth_morris_pratt:%37
</home/anonymous/eqlog-steensgaard-analysis-benchmark/benchmarks/coreutils-8.24/df.bc>:knuth_morris_pratt:144	</home/anonymous/eqlog-steensgaard-analysis-benchmark/benchmarks/coreutils-8.24/df.bc>:knuth_morris_pratt:%42
</home/anonymous/eqlog-steensgaard-analysis-benchmark/benchmarks/coreutils-8.24/df.bc>:knuth_morris_pratt:160	</home/anonymous/eqlog-steensgaard-analysis-benchmark/benchmarks/coreutils-8.24/df.bc>:knuth_morris_pratt:%49
</home/anonymous/eqlog-steensgaard-analysis-benchmark/benchmarks/coreutils-8.24/df.bc>:knuth_morris_pratt:163	</home/anonymous/eqlog-steensgaard-analysis-benchmark/benchmarks/coreutils-8.24/df.bc>:knuth_morris_pratt:%51
</home/anonymous/eqlog-steensgaard-analysis-benchmark/benchmarks/coreutils-8.24/df.bc>:knuth_morris_pratt:167	</home/anonymous/eqlog-steensgaard-analysis-benchmark/benchmarks/coreutils-8.24/df.bc>:knuth_morris_pratt:%53
</home/anonymous/eqlog-steensgaard-analysis-benchmark/benchmarks/coreutils-8.24/df.bc>:knuth_morris_pratt:174	</home/anonymous/eqlog-steensgaard-analysis-benchmark/benchmarks/coreutils-8.24/df.bc>:knuth_morris_pratt:%56
</home/anonymous/eqlog-steensgaard-analysis-benchmark/benchmarks/coreutils-8.24/df.bc>:knuth_morris_pratt:177	</home/anonymous/eqlog-steensgaard-analysis-benchmark/benchmarks/coreutils-8.24/df.bc>:knuth_morris_pratt:%57
</home/anonymous/eqlog-steensgaard-analysis-benchmark/benchmarks/coreutils-8.24/df.bc>:mbuiter_multi_next:4	</home/anonymous/eqlog-steensgaard-analysis-benchmark/benchmarks/coreutils-8.24/df.bc>:mbuiter_multi_next:%0
</home/anonymous/eqlog-steensgaard-analysis-benchmark/benchmarks/coreutils-8.24/df.bc>:mbuiter_multi_next:10	</home/anonymous/eqlog-steensgaard-analysis-benchmark/benchmarks/coreutils-8.24/df.bc>:mbuiter_multi_next:%2
</home/anonymous/eqlog-steensgaard-analysis-benchmark/benchmarks/coreutils-8.24/df.bc>:mbuiter_multi_next:16	</home/anonymous/eqlog-steensgaard-analysis-benchmark/benchmarks/coreutils-8.24/df.bc>:mbuiter_multi_next:%4
</home/anonymous/eqlog-steensgaard-analysis-benchmark/benchmarks/coreutils-8.24/df.bc>:mbuiter_multi_next:17	</home/anonymous/eqlog-steensgaard-analysis-benchmark/benchmarks/coreutils-8.24/df.bc>:mbuiter_multi_next:%cur
</home/anonymous/eqlog-steensgaard-analysis-benchmark/benchmarks/coreutils-8.24/df.bc>:mbuiter_multi_next:23	</home/anonymous/eqlog-steensgaard-analysis-benchmark/benchmarks/coreutils-8.24/df.bc>:mbuiter_multi_next:%7
</home/anonymous/eqlog-steensgaard-analysis-benchmark/benchmarks/coreutils-8.24/df.bc>:mbuiter_multi_next:24	</home/anonymous/eqlog-steensgaard-analysis-benchmark/benchmarks/coreutils-8.24/df.bc>:mbuiter_multi_next:%cur5
</home/anonymous/eqlog-steensgaard-analysis-benchmark/benchmarks/coreutils-8.24/df.bc>:mbuiter_multi_next:27	</home/anonymous/eqlog-steensgaard-analysis-benchmark/benchmarks/coreutils-8.24/df.bc>:mbuiter_multi_next:%8
</home/anonymous/eqlog-steensgaard-analysis-benchmark/benchmarks/coreutils-8.24/df.bc>:mbuiter_multi_next:28	</home/anonymous/eqlog-steensgaard-analysis-benchmark/benchmarks/coreutils-8.24/df.bc>:mbuiter_multi_next:%cur6
</home/anonymous/eqlog-steensgaard-analysis-benchmark/benchmarks/coreutils-8.24/df.bc>:mbuiter_multi_next:33	</home/anonymous/eqlog-steensgaard-analysis-benchmark/benchmarks/coreutils-8.24/df.bc>:mbuiter_multi_next:%11
</home/anonymous/eqlog-steensgaard-analysis-benchmark/benchmarks/coreutils-8.24/df.bc>:mbuiter_multi_next:34	</home/anonymous/eqlog-steensgaard-analysis-benchmark/benchmarks/coreutils-8.24/df.bc>:mbuiter_multi_next:%cur8
</home/anonymous/eqlog-steensgaard-analysis-benchmark/benchmarks/coreutils-8.24/df.bc>:mbuiter_multi_next:37	</home/anonymous/eqlog-steensgaard-analysis-benchmark/benchmarks/coreutils-8.24/df.bc>:mbuiter_multi_next:%12
</home/anonymous/eqlog-steensgaard-analysis-benchmark/benchmarks/coreutils-8.24/df.bc>:mbuiter_multi_next:38	</home/anonymous/eqlog-steensgaard-analysis-benchmark/benchmarks/coreutils-8.24/df.bc>:mbuiter_multi_next:%cur9
</home/anonymous/eqlog-steensgaard-analysis-benchmark/benchmarks/coreutils-8.24/df.bc>:mbuiter_multi_next:42	</home/anonymous/eqlog-steensgaard-analysis-benchmark/benchmarks/coreutils-8.24/df.bc>:mbuiter_multi_next:%13
</home/anonymous/eqlog-steensgaard-analysis-benchmark/benchmarks/coreutils-8.24/df.bc>:mbuiter_multi_next:51	</home/anonymous/eqlog-steensgaard-analysis-benchmark/benchmarks/coreutils-8.24/df.bc>:mbuiter_multi_next:%15
</home/anonymous/eqlog-steensgaard-analysis-benchmark/benchmarks/coreutils-8.24/df.bc>:mbuiter_multi_next:55	</home/anonymous/eqlog-steensgaard-analysis-benchmark/benchmarks/coreutils-8.24/df.bc>:mbuiter_multi_next:%16
</home/anonymous/eqlog-steensgaard-analysis-benchmark/benchmarks/coreutils-8.24/df.bc>:mbuiter_multi_next:56	</home/anonymous/eqlog-steensgaard-analysis-benchmark/benchmarks/coreutils-8.24/df.bc>:mbuiter_multi_next:%cur13
</home/anonymous/eqlog-steensgaard-analysis-benchmark/benchmarks/coreutils-8.24/df.bc>:mbuiter_multi_next:58	</home/anonymous/eqlog-steensgaard-analysis-benchmark/benchmarks/coreutils-8.24/df.bc>:mbuiter_multi_next:%17
</home/anonymous/eqlog-steensgaard-analysis-benchmark/benchmarks/coreutils-8.24/df.bc>:mbuiter_multi_next:59	</home/anonymous/eqlog-steensgaard-analysis-benchmark/benchmarks/coreutils-8.24/df.bc>:mbuiter_multi_next:%cur15
</home/anonymous/eqlog-steensgaard-analysis-benchmark/benchmarks/coreutils-8.24/df.bc>:mbuiter_multi_next:62	</home/anonymous/eqlog-steensgaard-analysis-benchmark/benchmarks/coreutils-8.24/df.bc>:mbuiter_multi_next:%19
</home/anonymous/eqlog-steensgaard-analysis-benchmark/benchmarks/coreutils-8.24/df.bc>:mbuiter_multi_next:63	</home/anonymous/eqlog-steensgaard-analysis-benchmark/benchmarks/coreutils-8.24/df.bc>:mbuiter_multi_next:%cur17
</home/anonymous/eqlog-steensgaard-analysis-benchmark/benchmarks/coreutils-8.24/df.bc>:mbuiter_multi_next:68	</home/anonymous/eqlog-steensgaard-analysis-benchmark/benchmarks/coreutils-8.24/df.bc>:mbuiter_multi_next:%21
</home/anonymous/eqlog-steensgaard-analysis-benchmark/benchmarks/coreutils-8.24/df.bc>:mbuiter_multi_next:71	</home/anonymous/eqlog-steensgaard-analysis-benchmark/benchmarks/coreutils-8.24/df.bc>:mbuiter_multi_next:%22
</home/anonymous/eqlog-steensgaard-analysis-benchmark/benchmarks/coreutils-8.24/df.bc>:mbuiter_multi_next:72	</home/anonymous/eqlog-steensgaard-analysis-benchmark/benchmarks/coreutils-8.24/df.bc>:mbuiter_multi_next:%cur23
</home/anonymous/eqlog-steensgaard-analysis-benchmark/benchmarks/coreutils-8.24/df.bc>:mbuiter_multi_next:75	</home/anonymous/eqlog-steensgaard-analysis-benchmark/benchmarks/coreutils-8.24/df.bc>:mbuiter_multi_next:%23
</home/anonymous/eqlog-steensgaard-analysis-benchmark/benchmarks/coreutils-8.24/df.bc>:mbuiter_multi_next:76	</home/anonymous/eqlog-steensgaard-analysis-benchmark/benchmarks/coreutils-8.24/df.bc>:mbuiter_multi_next:%cur25
</home/anonymous/eqlog-steensgaard-analysis-benchmark/benchmarks/coreutils-8.24/df.bc>:mbuiter_multi_next:81	</home/anonymous/eqlog-steensgaard-analysis-benchmark/benchmarks/coreutils-8.24/df.bc>:mbuiter_multi_next:%25
</home/anonymous/eqlog-steensgaard-analysis-benchmark/benchmarks/coreutils-8.24/df.bc>:mbuiter_multi_next:82	</home/anonymous/eqlog-steensgaard-analysis-benchmark/benchmarks/coreutils-8.24/df.bc>:mbuiter_multi_next:%cur29
</home/anonymous/eqlog-steensgaard-analysis-benchmark/benchmarks/coreutils-8.24/df.bc>:mbuiter_multi_next:85	</home/anonymous/eqlog-steensgaard-analysis-benchmark/benchmarks/coreutils-8.24/df.bc>:mbuiter_multi_next:%26
</home/anonymous/eqlog-steensgaard-analysis-benchmark/benchmarks/coreutils-8.24/df.bc>:mbuiter_multi_next:86	</home/anonymous/eqlog-steensgaard-analysis-benchmark/benchmarks/coreutils-8.24/df.bc>:mbuiter_multi_next:%cur31
</home/anonymous/eqlog-steensgaard-analysis-benchmark/benchmarks/coreutils-8.24/df.bc>:mbuiter_multi_next:90	</home/anonymous/eqlog-steensgaard-analysis-benchmark/benchmarks/coreutils-8.24/df.bc>:mbuiter_multi_next:%27
</home/anonymous/eqlog-steensgaard-analysis-benchmark/benchmarks/coreutils-8.24/df.bc>:mbuiter_multi_next:91	</home/anonymous/eqlog-steensgaard-analysis-benchmark/benchmarks/coreutils-8.24/df.bc>:mbuiter_multi_next:%cur34
</home/anonymous/eqlog-steensgaard-analysis-benchmark/benchmarks/coreutils-8.24/df.bc>:mbuiter_multi_next:96	</home/anonymous/eqlog-steensgaard-analysis-benchmark/benchmarks/coreutils-8.24/df.bc>:mbuiter_multi_next:%29
</home/anonymous/eqlog-steensgaard-analysis-benchmark/benchmarks/coreutils-8.24/df.bc>:mbuiter_multi_next:97	</home/anonymous/eqlog-steensgaard-analysis-benchmark/benchmarks/coreutils-8.24/df.bc>:mbuiter_multi_next:%cur39
</home/anonymous/eqlog-steensgaard-analysis-benchmark/benchmarks/coreutils-8.24/df.bc>:mbuiter_multi_next:101	</home/anonymous/eqlog-steensgaard-analysis-benchmark/benchmarks/coreutils-8.24/df.bc>:mbuiter_multi_next:%31
</home/anonymous/eqlog-steensgaard-analysis-benchmark/benchmarks/coreutils-8.24/df.bc>:mbuiter_multi_next:102	</home/anonymous/eqlog-steensgaard-analysis-benchmark/benchmarks/coreutils-8.24/df.bc>:mbuiter_multi_next:%cur42
</home/anonymous/eqlog-steensgaard-analysis-benchmark/benchmarks/coreutils-8.24/df.bc>:mbuiter_multi_next:105	</home/anonymous/eqlog-steensgaard-analysis-benchmark/benchmarks/coreutils-8.24/df.bc>:mbuiter_multi_next:%32
</home/anonymous/eqlog-steensgaard-analysis-benchmark/benchmarks/coreutils-8.24/df.bc>:mbuiter_multi_next:106	</home/anonymous/eqlog-steensgaard-analysis-benchmark/benchmarks/coreutils-8.24/df.bc>:mbuiter_multi_next:%cur44
</home/anonymous/eqlog-steensgaard-analysis-benchmark/benchmarks/coreutils-8.24/df.bc>:mbuiter_multi_next:110	</home/anonymous/eqlog-steensgaard-analysis-benchmark/benchmarks/coreutils-8.24/df.bc>:mbuiter_multi_next:%33
</home/anonymous/eqlog-steensgaard-analysis-benchmark/benchmarks/coreutils-8.24/df.bc>:mbuiter_multi_next:111	</home/anonymous/eqlog-steensgaard-analysis-benchmark/benchmarks/coreutils-8.24/df.bc>:mbuiter_multi_next:%cur47
</home/anonymous/eqlog-steensgaard-analysis-benchmark/benchmarks/coreutils-8.24/df.bc>:mbuiter_multi_next:116	</home/anonymous/eqlog-steensgaard-analysis-benchmark/benchmarks/coreutils-8.24/df.bc>:mbuiter_multi_next:%35
</home/anonymous/eqlog-steensgaard-analysis-benchmark/benchmarks/coreutils-8.24/df.bc>:mbuiter_multi_next:117	</home/anonymous/eqlog-steensgaard-analysis-benchmark/benchmarks/coreutils-8.24/df.bc>:mbuiter_multi_next:%cur52
</home/anonymous/eqlog-steensgaard-analysis-benchmark/benchmarks/coreutils-8.24/df.bc>:mbuiter_multi_next:120	</home/anonymous/eqlog-steensgaard-analysis-benchmark/benchmarks/coreutils-8.24/df.bc>:mbuiter_multi_next:%36
</home/anonymous/eqlog-steensgaard-analysis-benchmark/benchmarks/coreutils-8.24/df.bc>:mbuiter_multi_next:121	</home/anonymous/eqlog-steensgaard-analysis-benchmark/benchmarks/coreutils-8.24/df.bc>:mbuiter_multi_next:%cur54
</home/anonymous/eqlog-steensgaard-analysis-benchmark/benchmarks/coreutils-8.24/df.bc>:mbuiter_multi_next:132	</home/anonymous/eqlog-steensgaard-analysis-benchmark/benchmarks/coreutils-8.24/df.bc>:mbuiter_multi_next:%40
</home/anonymous/eqlog-steensgaard-analysis-benchmark/benchmarks/coreutils-8.24/df.bc>:mbuiter_multi_next:133	</home/anonymous/eqlog-steensgaard-analysis-benchmark/benchmarks/coreutils-8.24/df.bc>:mbuiter_multi_next:%cur62
</home/anonymous/eqlog-steensgaard-analysis-benchmark/benchmarks/coreutils-8.24/df.bc>:mbuiter_multi_next:143	</home/anonymous/eqlog-steensgaard-analysis-benchmark/benchmarks/coreutils-8.24/df.bc>:mbuiter_multi_next:%43
</home/anonymous/eqlog-steensgaard-analysis-benchmark/benchmarks/coreutils-8.24/df.bc>:mbuiter_multi_next:144	</home/anonymous/eqlog-steensgaard-analysis-benchmark/benchmarks/coreutils-8.24/df.bc>:mbuiter_multi_next:%cur70
</home/anonymous/eqlog-steensgaard-analysis-benchmark/benchmarks/coreutils-8.24/df.bc>:mbuiter_multi_next:147	</home/anonymous/eqlog-steensgaard-analysis-benchmark/benchmarks/coreutils-8.24/df.bc>:mbuiter_multi_next:%44
</home/anonymous/eqlog-steensgaard-analysis-benchmark/benchmarks/coreutils-8.24/df.bc>:mbuiter_multi_next:152	</home/anonymous/eqlog-steensgaard-analysis-benchmark/benchmarks/coreutils-8.24/df.bc>:mbuiter_multi_next:%45
</home/anonymous/eqlog-steensgaard-analysis-benchmark/benchmarks/coreutils-8.24/df.bc>:mbuiter_multi_next:159	</home/anonymous/eqlog-steensgaard-analysis-benchmark/benchmarks/coreutils-8.24/df.bc>:mbuiter_multi_next:%46
</home/anonymous/eqlog-steensgaard-analysis-benchmark/benchmarks/coreutils-8.24/df.bc>:mbuiter_multi_reloc:8	</home/anonymous/eqlog-steensgaard-analysis-benchmark/benchmarks/coreutils-8.24/df.bc>:mbuiter_multi_reloc:%1
</home/anonymous/eqlog-steensgaard-analysis-benchmark/benchmarks/coreutils-8.24/df.bc>:mbuiter_multi_reloc:9	</home/anonymous/eqlog-steensgaard-analysis-benchmark/benchmarks/coreutils-8.24/df.bc>:mbuiter_multi_reloc:%cur
</home/anonymous/eqlog-steensgaard-analysis-benchmark/benchmarks/coreutils-8.24/df.bc>:mbuiter_multi_reloc:11	</home/anonymous/eqlog-steensgaard-analysis-benchmark/benchmarks/coreutils-8.24/df.bc>:mbuiter_multi_reloc:%2
</home/anonymous/eqlog-steensgaard-analysis-benchmark/benchmarks/coreutils-8.24/df.bc>:mbuiter_multi_copy:7	</home/anonymous/eqlog-steensgaard-analysis-benchmark/benchmarks/coreutils-8.24/df.bc>:mbuiter_multi_copy:%0
</home/anonymous/eqlog-steensgaard-analysis-benchmark/benchmarks/coreutils-8.24/df.bc>:mbuiter_multi_copy:11	</home/anonymous/eqlog-steensgaard-analysis-benchmark/benchmarks/coreutils-8.24/df.bc>:mbuiter_multi_copy:%2
</home/anonymous/eqlog-steensgaard-analysis-benchmark/benchmarks/coreutils-8.24/df.bc>:mbuiter_multi_copy:16	</home/anonymous/eqlog-steensgaard-analysis-benchmark/benchmarks/coreutils-8.24/df.bc>:mbuiter_multi_copy:%3
</home/anonymous/eqlog-steensgaard-analysis-benchmark/benchmarks/coreutils-8.24/df.bc>:mbuiter_multi_copy:19	</home/anonymous/eqlog-steensgaard-analysis-benchmark/benchmarks/coreutils-8.24/df.bc>:mbuiter_multi_copy:%5
</home/anonymous/eqlog-steensgaard-analysis-benchmark/benchmarks/coreutils-8.24/df.bc>:mbuiter_multi_copy:24	</home/anonymous/eqlog-steensgaard-analysis-benchmark/benchmarks/coreutils-8.24/df.bc>:mbuiter_multi_copy:%7
</home/anonymous/eqlog-steensgaard-analysis-benchmark/benchmarks/coreutils-8.24/df.bc>:mbuiter_multi_copy:29	</home/anonymous/eqlog-steensgaard-analysis-benchmark/benchmarks/coreutils-8.24/df.bc>:mbuiter_multi_copy:%9
</home/anonymous/eqlog-steensgaard-analysis-benchmark/benchmarks/coreutils-8.24/df.bc>:mbuiter_multi_copy:33	</home/anonymous/eqlog-steensgaard-analysis-benchmark/benchmarks/coreutils-8.24/df.bc>:mbuiter_multi_copy:%11
</home/anonymous/eqlog-steensgaard-analysis-benchmark/benchmarks/coreutils-8.24/df.bc>:mbuiter_multi_copy:37	</home/anonymous/eqlog-steensgaard-analysis-benchmark/benchmarks/coreutils-8.24/df.bc>:mbuiter_multi_copy:%12
</home/anonymous/eqlog-steensgaard-analysis-benchmark/benchmarks/coreutils-8.24/df.bc>:mbuiter_multi_copy:39	</home/anonymous/eqlog-steensgaard-analysis-benchmark/benchmarks/coreutils-8.24/df.bc>:mbuiter_multi_copy:%13
</home/anonymous/eqlog-steensgaard-analysis-benchmark/benchmarks/coreutils-8.24/df.bc>:mem_cd_iconv:54	</home/anonymous/eqlog-steensgaard-analysis-benchmark/benchmarks/coreutils-8.24/df.bc>:mem_cd_iconv:%buf
</home/anonymous/eqlog-steensgaard-analysis-benchmark/benchmarks/coreutils-8.24/df.bc>:mem_cd_iconv:80	</home/anonymous/eqlog-steensgaard-analysis-benchmark/benchmarks/coreutils-8.24/df.bc>:mem_cd_iconv:%buf16
</home/anonymous/eqlog-steensgaard-analysis-benchmark/benchmarks/coreutils-8.24/df.bc>:mem_cd_iconv:90	</home/anonymous/eqlog-steensgaard-analysis-benchmark/benchmarks/coreutils-8.24/df.bc>:mem_cd_iconv:%buf20
</home/anonymous/eqlog-steensgaard-analysis-benchmark/benchmarks/coreutils-8.24/df.bc>:mem_cd_iconv:105	</home/anonymous/eqlog-steensgaard-analysis-benchmark/benchmarks/coreutils-8.24/df.bc>:mem_cd_iconv:%buf30
</home/anonymous/eqlog-steensgaard-analysis-benchmark/benchmarks/coreutils-8.24/df.bc>:str_cd_iconv:122	</home/anonymous/eqlog-steensgaard-analysis-benchmark/benchmarks/coreutils-8.24/df.bc>:str_cd_iconv:%26
</home/anonymous/eqlog-steensgaard-analysis-benchmark/benchmarks/coreutils-8.24/df.bc>:str_cd_iconv:182	</home/anonymous/eqlog-steensgaard-analysis-benchmark/benchmarks/coreutils-8.24/df.bc>:str_cd_iconv:%43
</home/anonymous/eqlog-steensgaard-analysis-benchmark/benchmarks/coreutils-8.24/df.bc>:str_cd_iconv:195	</home/anonymous/eqlog-steensgaard-analysis-benchmark/benchmarks/coreutils-8.24/df.bc>:str_cd_iconv:%47
</home/anonymous/eqlog-steensgaard-analysis-benchmark/benchmarks/coreutils-8.24/df.bc>:rpl_fcntl:15	</home/anonymous/eqlog-steensgaard-analysis-benchmark/benchmarks/coreutils-8.24/df.bc>:rpl_fcntl:%arg
</home/anonymous/eqlog-steensgaard-analysis-benchmark/benchmarks/coreutils-8.24/df.bc>:rpl_fcntl:21	</home/anonymous/eqlog-steensgaard-analysis-benchmark/benchmarks/coreutils-8.24/df.bc>:rpl_fcntl:%arg
</home/anonymous/eqlog-steensgaard-analysis-benchmark/benchmarks/coreutils-8.24/df.bc>:rpl_fcntl:22	</home/anonymous/eqlog-steensgaard-analysis-benchmark/benchmarks/coreutils-8.24/df.bc>:rpl_fcntl:%arraydecay2
</home/anonymous/eqlog-steensgaard-analysis-benchmark/benchmarks/coreutils-8.24/df.bc>:rpl_fcntl:26	</home/anonymous/eqlog-steensgaard-analysis-benchmark/benchmarks/coreutils-8.24/df.bc>:rpl_fcntl:%arraydecay2
</home/anonymous/eqlog-steensgaard-analysis-benchmark/benchmarks/coreutils-8.24/df.bc>:rpl_fcntl:28	</home/anonymous/eqlog-steensgaard-analysis-benchmark/benchmarks/coreutils-8.24/df.bc>:rpl_fcntl:%reg_save_area
</home/anonymous/eqlog-steensgaard-analysis-benchmark/benchmarks/coreutils-8.24/df.bc>:rpl_fcntl:33	</home/anonymous/eqlog-steensgaard-analysis-benchmark/benchmarks/coreutils-8.24/df.bc>:rpl_fcntl:%arraydecay2
</home/anonymous/eqlog-steensgaard-analysis-benchmark/benchmarks/coreutils-8.24/df.bc>:rpl_fcntl:36	</home/anonymous/eqlog-steensgaard-analysis-benchmark/benchmarks/coreutils-8.24/df.bc>:rpl_fcntl:%overflow_arg_area
</home/anonymous/eqlog-steensgaard-analysis-benchmark/benchmarks/coreutils-8.24/df.bc>:rpl_fcntl:108	</home/anonymous/eqlog-steensgaard-analysis-benchmark/benchmarks/coreutils-8.24/df.bc>:rpl_fcntl:%arg
</home/anonymous/eqlog-steensgaard-analysis-benchmark/benchmarks/coreutils-8.24/df.bc>:rpl_fcntl:109	</home/anonymous/eqlog-steensgaard-analysis-benchmark/benchmarks/coreutils-8.24/df.bc>:rpl_fcntl:%arraydecay28
</home/anonymous/eqlog-steensgaard-analysis-benchmark/benchmarks/coreutils-8.24/df.bc>:rpl_fcntl:113	</home/anonymous/eqlog-steensgaard-analysis-benchmark/benchmarks/coreutils-8.24/df.bc>:rpl_fcntl:%arraydecay28
</home/anonymous/eqlog-steensgaard-analysis-benchmark/benchmarks/coreutils-8.24/df.bc>:rpl_fcntl:115	</home/anonymous/eqlog-steensgaard-analysis-benchmark/benchmarks/coreutils-8.24/df.bc>:rpl_fcntl:%reg_save_area33
</home/anonymous/eqlog-steensgaard-analysis-benchmark/benchmarks/coreutils-8.24/df.bc>:rpl_fcntl:120	</home/anonymous/eqlog-steensgaard-analysis-benchmark/benchmarks/coreutils-8.24/df.bc>:rpl_fcntl:%arraydecay28
</home/anonymous/eqlog-steensgaard-analysis-benchmark/benchmarks/coreutils-8.24/df.bc>:rpl_fcntl:123	</home/anonymous/eqlog-steensgaard-analysis-benchmark/benchmarks/coreutils-8.24/df.bc>:rpl_fcntl:%overflow_arg_area36
</home/anonymous/eqlog-steensgaard-analysis-benchmark/benchmarks/coreutils-8.24/df.bc>:rpl_fcntl:135	</home/anonymous/eqlog-steensgaard-analysis-benchmark/benchmarks/coreutils-8.24/df.bc>:rpl_fcntl:%arg
</home/anonymous/eqlog-steensgaard-analysis-benchmark/benchmarks/coreutils-8.24/df.bc>:clear_ungetc_buffer_preserving_position:4	</home/anonymous/eqlog-steensgaard-analysis-benchmark/benchmarks/coreutils-8.24/df.bc>:clear_ungetc_buffer_preserving_position:%0
</home/anonymous/eqlog-steensgaard-analysis-benchmark/benchmarks/coreutils-8.24/df.bc>:rpl_fseeko:12	</home/anonymous/eqlog-steensgaard-analysis-benchmark/benchmarks/coreutils-8.24/df.bc>:rpl_fseeko:%0
</home/anonymous/eqlog-steensgaard-analysis-benchmark/benchmarks/coreutils-8.24/df.bc>:rpl_fseeko:15	</home/anonymous/eqlog-steensgaard-analysis-benchmark/benchmarks/coreutils-8.24/df.bc>:rpl_fseeko:%2
</home/anonymous/eqlog-steensgaard-analysis-benchmark/benchmarks/coreutils-8.24/df.bc>:rpl_fseeko:20	</home/anonymous/eqlog-steensgaard-analysis-benchmark/benchmarks/coreutils-8.24/df.bc>:rpl_fseeko:%4
</home/anonymous/eqlog-steensgaard-analysis-benchmark/benchmarks/coreutils-8.24/df.bc>:rpl_fseeko:23	</home/anonymous/eqlog-steensgaard-analysis-benchmark/benchmarks/coreutils-8.24/df.bc>:rpl_fseeko:%6
</home/anonymous/eqlog-steensgaard-analysis-benchmark/benchmarks/coreutils-8.24/df.bc>:rpl_fseeko:28	</home/anonymous/eqlog-steensgaard-analysis-benchmark/benchmarks/coreutils-8.24/df.bc>:rpl_fseeko:%8
</home/anonymous/eqlog-steensgaard-analysis-benchmark/benchmarks/coreutils-8.24/df.bc>:rpl_fseeko:45	</home/anonymous/eqlog-steensgaard-analysis-benchmark/benchmarks/coreutils-8.24/df.bc>:rpl_fseeko:%14
</home/anonymous/eqlog-steensgaard-analysis-benchmark/benchmarks/coreutils-8.24/df.bc>:rpl_fseeko:51	</home/anonymous/eqlog-steensgaard-analysis-benchmark/benchmarks/coreutils-8.24/df.bc>:rpl_fseeko:%17
</home/anonymous/eqlog-steensgaard-analysis-benchmark/benchmarks/coreutils-8.24/df.bc>:mmalloca:29	</home/anonymous/eqlog-steensgaard-analysis-benchmark/benchmarks/coreutils-8.24/df.bc>:mmalloca:%7
</home/anonymous/eqlog-steensgaard-analysis-benchmark/benchmarks/coreutils-8.24/df.bc>:mmalloca:34	</home/anonymous/eqlog-steensgaard-analysis-benchmark/benchmarks/coreutils-8.24/df.bc>:mmalloca:%magic
</home/anonymous/eqlog-steensgaard-analysis-benchmark/benchmarks/coreutils-8.24/df.bc>:mmalloca:41	</home/anonymous/eqlog-steensgaard-analysis-benchmark/benchmarks/coreutils-8.24/df.bc>:mmalloca:41:0:@mmalloca_results
</home/anonymous/eqlog-steensgaard-analysis-benchmark/benchmarks/coreutils-8.24/df.bc>:mmalloca:48	</home/anonymous/eqlog-steensgaard-analysis-benchmark/benchmarks/coreutils-8.24/df.bc>:mmalloca:48:0:@mmalloca_results
</home/anonymous/eqlog-steensgaard-analysis-benchmark/benchmarks/coreutils-8.24/df.bc>:freea:12	</home/anonymous/eqlog-steensgaard-analysis-benchmark/benchmarks/coreutils-8.24/df.bc>:freea:%2
</home/anonymous/eqlog-steensgaard-analysis-benchmark/benchmarks/coreutils-8.24/df.bc>:freea:23	</home/anonymous/eqlog-steensgaard-analysis-benchmark/benchmarks/coreutils-8.24/df.bc>:freea:23:0:@mmalloca_results
</home/anonymous/eqlog-steensgaard-analysis-benchmark/benchmarks/coreutils-8.24/df.bc>:freea:41	</home/anonymous/eqlog-steensgaard-analysis-benchmark/benchmarks/coreutils-8.24/df.bc>:freea:%14
</home/anonymous/eqlog-steensgaard-analysis-benchmark/benchmarks/coreutils-8.24/df.bc>:freea:57	</home/anonymous/eqlog-steensgaard-analysis-benchmark/benchmarks/coreutils-8.24/df.bc>:freea:%23
</home/anonymous/eqlog-steensgaard-analysis-benchmark/benchmarks/coreutils-8.24/df.bc>:mb_copy:7	</home/anonymous/eqlog-steensgaard-analysis-benchmark/benchmarks/coreutils-8.24/df.bc>:mb_copy:%0
</home/anonymous/eqlog-steensgaard-analysis-benchmark/benchmarks/coreutils-8.24/df.bc>:mb_copy:10	</home/anonymous/eqlog-steensgaard-analysis-benchmark/benchmarks/coreutils-8.24/df.bc>:mb_copy:%2
</home/anonymous/eqlog-steensgaard-analysis-benchmark/benchmarks/coreutils-8.24/df.bc>:mb_copy:11	</home/anonymous/eqlog-steensgaard-analysis-benchmark/benchmarks/coreutils-8.24/df.bc>:mb_copy:%buf
</home/anonymous/eqlog-steensgaard-analysis-benchmark/benchmarks/coreutils-8.24/df.bc>:mb_copy:15	</home/anonymous/eqlog-steensgaard-analysis-benchmark/benchmarks/coreutils-8.24/df.bc>:mb_copy:%3
</home/anonymous/eqlog-steensgaard-analysis-benchmark/benchmarks/coreutils-8.24/df.bc>:mb_copy:16	</home/anonymous/eqlog-steensgaard-analysis-benchmark/benchmarks/coreutils-8.24/df.bc>:mb_copy:%buf1
</home/anonymous/eqlog-steensgaard-analysis-benchmark/benchmarks/coreutils-8.24/df.bc>:mb_copy:18	</home/anonymous/eqlog-steensgaard-analysis-benchmark/benchmarks/coreutils-8.24/df.bc>:mb_copy:%4
</home/anonymous/eqlog-steensgaard-analysis-benchmark/benchmarks/coreutils-8.24/df.bc>:mb_copy:19	</home/anonymous/eqlog-steensgaard-analysis-benchmark/benchmarks/coreutils-8.24/df.bc>:mb_copy:%buf3
</home/anonymous/eqlog-steensgaard-analysis-benchmark/benchmarks/coreutils-8.24/df.bc>:mb_copy:21	</home/anonymous/eqlog-steensgaard-analysis-benchmark/benchmarks/coreutils-8.24/df.bc>:mb_copy:%5
</home/anonymous/eqlog-steensgaard-analysis-benchmark/benchmarks/coreutils-8.24/df.bc>:mb_copy:25	</home/anonymous/eqlog-steensgaard-analysis-benchmark/benchmarks/coreutils-8.24/df.bc>:mb_copy:%7
</home/anonymous/eqlog-steensgaard-analysis-benchmark/benchmarks/coreutils-8.24/df.bc>:mb_copy:26	</home/anonymous/eqlog-steensgaard-analysis-benchmark/benchmarks/coreutils-8.24/df.bc>:mb_copy:%buf5
</home/anonymous/eqlog-steensgaard-analysis-benchmark/benchmarks/coreutils-8.24/df.bc>:mb_copy:28	</home/anonymous/eqlog-steensgaard-analysis-benchmark/benchmarks/coreutils-8.24/df.bc>:mb_copy:%8
</home/anonymous/eqlog-steensgaard-analysis-benchmark/benchmarks/coreutils-8.24/df.bc>:mb_copy:32	</home/anonymous/eqlog-steensgaard-analysis-benchmark/benchmarks/coreutils-8.24/df.bc>:mb_copy:%9
</home/anonymous/eqlog-steensgaard-analysis-benchmark/benchmarks/coreutils-8.24/df.bc>:mb_copy:35	</home/anonymous/eqlog-steensgaard-analysis-benchmark/benchmarks/coreutils-8.24/df.bc>:mb_copy:%11
</home/anonymous/eqlog-steensgaard-analysis-benchmark/benchmarks/coreutils-8.24/df.bc>:mb_copy:39	</home/anonymous/eqlog-steensgaard-analysis-benchmark/benchmarks/coreutils-8.24/df.bc>:mb_copy:%12
</home/anonymous/eqlog-steensgaard-analysis-benchmark/benchmarks/coreutils-8.24/df.bc>:mb_copy:42	</home/anonymous/eqlog-steensgaard-analysis-benchmark/benchmarks/coreutils-8.24/df.bc>:mb_copy:%14
</home/anonymous/eqlog-steensgaard-analysis-benchmark/benchmarks/coreutils-8.24/df.bc>:mb_copy:45	</home/anonymous/eqlog-steensgaard-analysis-benchmark/benchmarks/coreutils-8.24/df.bc>:mb_copy:%15
</home/anonymous/eqlog-steensgaard-analysis-benchmark/benchmarks/coreutils-8.24/df.bc>:mb_copy:49	</home/anonymous/eqlog-steensgaard-analysis-benchmark/benchmarks/coreutils-8.24/df.bc>:mb_copy:%17
</home/anonymous/eqlog-steensgaard-analysis-benchmark/benchmarks/coreutils-8.24/df.bc>:mb_copy:54	</home/anonymous/eqlog-steensgaard-analysis-benchmark/benchmarks/coreutils-8.24/df.bc>:mb_copy:%18
</home/anonymous/eqlog-steensgaard-analysis-benchmark/benchmarks/coreutils-8.24/df.bc>:mb_copy:57	</home/anonymous/eqlog-steensgaard-analysis-benchmark/benchmarks/coreutils-8.24/df.bc>:mb_copy:%20
</home/anonymous/eqlog-steensgaard-analysis-benchmark/benchmarks/coreutils-8.24/df.bc>:is_basic:7	</home/anonymous/eqlog-steensgaard-analysis-benchmark/benchmarks/coreutils-8.24/df.bc>:is_basic:7:0:bitcast ([8 x i32]* @is_basic_table to [0 x i32]*)
</home/anonymous/eqlog-steensgaard-analysis-benchmark/benchmarks/coreutils-8.24/df.bc>:mbslen:13	</home/anonymous/eqlog-steensgaard-analysis-benchmark/benchmarks/coreutils-8.24/df.bc>:mbslen:%iter
</home/anonymous/eqlog-steensgaard-analysis-benchmark/benchmarks/coreutils-8.24/df.bc>:mbslen:14	</home/anonymous/eqlog-steensgaard-analysis-benchmark/benchmarks/coreutils-8.24/df.bc>:mbslen:%cur
</home/anonymous/eqlog-steensgaard-analysis-benchmark/benchmarks/coreutils-8.24/df.bc>:mbslen:16	</home/anonymous/eqlog-steensgaard-analysis-benchmark/benchmarks/coreutils-8.24/df.bc>:mbslen:%iter
</home/anonymous/eqlog-steensgaard-analysis-benchmark/benchmarks/coreutils-8.24/df.bc>:mbslen:18	</home/anonymous/eqlog-steensgaard-analysis-benchmark/benchmarks/coreutils-8.24/df.bc>:mbslen:%iter
</home/anonymous/eqlog-steensgaard-analysis-benchmark/benchmarks/coreutils-8.24/df.bc>:mbslen:21	</home/anonymous/eqlog-steensgaard-analysis-benchmark/benchmarks/coreutils-8.24/df.bc>:mbslen:%iter
</home/anonymous/eqlog-steensgaard-analysis-benchmark/benchmarks/coreutils-8.24/df.bc>:mbslen:25	</home/anonymous/eqlog-steensgaard-analysis-benchmark/benchmarks/coreutils-8.24/df.bc>:mbslen:%iter
</home/anonymous/eqlog-steensgaard-analysis-benchmark/benchmarks/coreutils-8.24/df.bc>:mbslen:26	</home/anonymous/eqlog-steensgaard-analysis-benchmark/benchmarks/coreutils-8.24/df.bc>:mbslen:%cur1
</home/anonymous/eqlog-steensgaard-analysis-benchmark/benchmarks/coreutils-8.24/df.bc>:mbslen:30	</home/anonymous/eqlog-steensgaard-analysis-benchmark/benchmarks/coreutils-8.24/df.bc>:mbslen:%iter
</home/anonymous/eqlog-steensgaard-analysis-benchmark/benchmarks/coreutils-8.24/df.bc>:mbslen:31	</home/anonymous/eqlog-steensgaard-analysis-benchmark/benchmarks/coreutils-8.24/df.bc>:mbslen:%cur2
</home/anonymous/eqlog-steensgaard-analysis-benchmark/benchmarks/coreutils-8.24/df.bc>:mbslen:42	</home/anonymous/eqlog-steensgaard-analysis-benchmark/benchmarks/coreutils-8.24/df.bc>:mbslen:%iter
</home/anonymous/eqlog-steensgaard-analysis-benchmark/benchmarks/coreutils-8.24/df.bc>:mbslen:43	</home/anonymous/eqlog-steensgaard-analysis-benchmark/benchmarks/coreutils-8.24/df.bc>:mbslen:%cur4
</home/anonymous/eqlog-steensgaard-analysis-benchmark/benchmarks/coreutils-8.24/df.bc>:mbslen:45	</home/anonymous/eqlog-steensgaard-analysis-benchmark/benchmarks/coreutils-8.24/df.bc>:mbslen:%iter
</home/anonymous/eqlog-steensgaard-analysis-benchmark/benchmarks/coreutils-8.24/df.bc>:mbslen:46	</home/anonymous/eqlog-steensgaard-analysis-benchmark/benchmarks/coreutils-8.24/df.bc>:mbslen:%cur5
</home/anonymous/eqlog-steensgaard-analysis-benchmark/benchmarks/coreutils-8.24/df.bc>:mbslen:48	</home/anonymous/eqlog-steensgaard-analysis-benchmark/benchmarks/coreutils-8.24/df.bc>:mbslen:%7
</home/anonymous/eqlog-steensgaard-analysis-benchmark/benchmarks/coreutils-8.24/df.bc>:mbslen:50	</home/anonymous/eqlog-steensgaard-analysis-benchmark/benchmarks/coreutils-8.24/df.bc>:mbslen:%iter
